581 879 245 870 960 625 736 973 826 621
802 68 182 994 574 586 786 693 48 434
465 313 468 442 32 17 163 892 769 274
83 859 425 807 366 414 150 211 963 218
206 153 261 497 577 213 792 543 601 229
751 802 273 257 583 166 576 153 518 947
850 711 768 592 346 748 518 180 923 180
251 306 857 380 117 96 731 790 894 202
528 780 287 830 918 375 575 78 776 876
160 366 241 602 744 681 263 560 82 594
682 823 849 751 451 686 589 736 298 244
630 584 566 968 0 645 265 160 322 886
539 388 819 936 495 634 519 449 60 37
529 972 641 952 838 814 992 364 327 199
474 72 170 747 480 706 546 745 383 971
234 68 581 471 326 583 483 262 483 326
784 270 220 598 910 789 713 439 862 215
150 125 816 34 457 449 994 921 977 776
595 832 309 743 750 788 419 882 483 340
167 240 323 196 562 482 466 881 774 160
80 2 22 432 75 59 921 326 336 29
187 221 133 683 329 842 307 139 372 593
732 119 362 747 689 546 737 18 645 431
193 720 862 791 547 103 294 931 265 834
515 691 575 179 473 891 325 116 871 503
512 129 715 14 863 777 435 555 768 838
26 172 346 857 476 123 609 1 414 281
496 547 577 873 968 585 959 836 629 127
284 72 970 371 331 323 276 899 261 453
651 465 70 761 193 120 560 720 604 586
345 408 925 272 23 704 247 857 918 1
462 748 309 94 474 160 70 721 701 759
3 558 235 256 729 325 408 13 51 797
63 459 813 117 622 804 247 431 836 113
520 30 747 467 431 837 241 695 312 204
128 69 84 487 439 905 871 340 567 35
218 849 41 413 15 148 969 772 322 898
203 60 391 713 771 874 34 649 584 159
941 501 486 511 55 934 63 99 703 386
333 129 861 913 850 367 791 32 890 358
86 267 751 577 882 603 57 764 181 740
917 532 889 616 941 583 61 207 808 525
248 516 896 591 969 557 152 388 182 184
132 945 941 41 565 236 713 954 239 257
740 319 654 619 275 969 285 261 49 166
830 35 212 898 706 738 608 846 762 118
396 413 83 437 188 732 357 537 493 291
416 585 501 372 110 56 762 720 700 939
995 614 497 210 657 299 158 229 253 22
946 991 739 350 261 680 292 238 361 184
169 120 793 582 73 930 160 455 444 36
341 64 894 995 306 311 155 786 465 484
553 270 223 177 813 584 248 846 657 187
146 661 183 35 100 215 452 14 768 184
523 544 479 396 619 732 881 943 160 431
1000 609 643 194 359 665 842 285 426 645
909 699 431 563 504 136 251 58 129 945
148 721 581 517 275 59 600 784 80 587
940 501 346 15 565 1 343 959 489 151
10 648 917 556 691 912 728 195 471 396
678 280 920 618 516 277 4 974 355 585
727 732 469 241 75 852 206 295 320 963
624 373 875 894 123 804 731 234 732 843
704 259 411 40 410 183 134 548 69 73
583 322 686 798 290 447 551 652 499 716
440 41 229 305 110 683 862 894 380 100
186 156 775 995 294 545 996 783 99 777
210 217 288 504 838 967 589 198 300 785
980 543 47 117 910 808 36 631 176 237
564 448 436 933 328 348 776 612 288 42
617 534 538 690 441 186 305 715 374 744
37 331 424 607 597 879 254 542 783 269
449 835 262 638 321 324 250 439 370 369
817 184 761 813 514 945 811 553 753 431
950 445 105 84 487 234 622 807 544 259
702 252 372 228 879 636 313 342 109 466
280 59 350 915 821 220 504 286 716 218
93 174 240 553 184 534 678 796 126 729
973 369 455 91 11 650 800 795 658 89
541 827 976 591 778 325 91 688 325 821
830 143 153 404 365 242 474 999 488 287
812 330 89 102 838 288 350 392 476 861
858 582 678 160 241 163 860 908 722 28
660 308 708 226 208 185 580 810 970 256
117 639 651 802 884 128 311 596 59 358
196 894 67 621 359 776 288 9 996 681
555 145 445 968 841 332 205 876 824 796
797 899 552 261 394 225 935 559 710 167
804 475 210 900 24 553 618 471 297 513
841 447 812 864 612 457 900 451 825 633
21 759 808 108 355 413 725 242 522 163
596 404 548 319 512 531 537 155 139 445
688 886 748 745 83 260 457 19 522 379
961 798 601 402 925 292 505 126 395 214
23 590 329 183 176 657 44 266 752 348
782 472 69 624 522 592 863 276 767 856
569 724 534 983 539 804 636 430 423 651
238 121 615 891 815 950 275 926 273 372
707 360 851 522 226 190 451 24 948 511
765 153 344 839 997 779 732 14 846 142
305 543 672 94 818 964 614 513 92 649
702 515 347 237 801 278 120 414 343 77
685 580 414 865 182 577 964 610 396 236
300 951 213 110 776 589 78 970 388 718
371 733 312 578 381 636 433 938 745 791
798 237 411 319 983 149 957 440 903 396
709 177 583 962 771 166 821 366 588 886
541 856 277 877 332 252 423 632 883 279
158 323 815 1 671 262 537 98 770 62
717 521 781 711 126 412 218 374 239 262
878 772 754 824 900 385 162 815 301 973
690 597 61 978 626 742 971 711 281 753
626 599 637 152 746 391 336 287 569 5
587 702 255 832 730 779 274 842 283 146
111 989 218 901 896 478 509 530 81 623
709 561 162 946 476 587 981 4 4 28
605 485 968 380 596 285 305 718 166 73
907 299 993 49 648 910 37 565 753 875
645 896 820 109 325 38 563 327 986 50
215 394 596 536 583 363 514 862 979 121
700 393 341 513 455 45 723 858 643 807
172 238 765 866 551 857 132 37 293 681
391 584 637 100 231 176 977 65 156 297
940 374 909 474 988 802 104 475 845 690
109 358 493 39 909 529 449 705 270 660
896 306 270 669 817 411 265 866 442 182
733 772 269 587 999 112 392 376 580 913
305 393 101 676 811 702 458 844 59 592
542 551 45 571 691 663 778 161 479 948
237 636 781 579 231 847 882 974 418 939
358 590 46 183 538 540 202 135 296 407
984 819 448 840 769 382 359 463 768 69
872 968 235 265 887 456 596 467 670 349
31 830 151 734 338 643 432 85 292 782
536 725 678 534 375 235 699 225 395 626
665 32 512 367 896 105 274 655 465 729
708 104 385 345 526 0 216 167 916 715
445 284 483 580 664 719 657 371 900 215
949 909 448 39 161 958 773 703 369 953
700 432 282 662 293 328 872 63 954 215
126 701 544 865 64 785 594 509 928 942
241 788 450 473 721 394 982 473 119 285
476 551 613 629 437 262 700 163 754 674
192 688 853 580 83 299 914 686 430 612
39 582 78 941 251 923 313 94 912 62
690 749 178 965 21 923 151 896 13 762
384 295 612 416 480 740 257 956 755 786
36 395 852 811 555 241 798 888 89 514
268 884 672 883 40 905 372 626 980 757
596 381 493 913 79 267 887 701 333 287
82 582 396 925 668 337 151 411 19 982
609 347 19 629 346 439 351 91 608 891
512 8 718 398 878 337 851 430 538 34
35 724 892 379 515 189 656 327 77 762
267 136 899 340 711 22 754 939 642 279
908 131 525 463 850 619 56 653 333 853
600 338 678 674 443 934 509 698 64 179
916 529 281 192 116 391 271 439 343 455
199 62 655 8 182 205 84 653 864 387
348 790 598 342 973 567 721 473 248 924
826 553 905 849 243 38 488 991 22 430
740 27 997 104 131 222 102 832 198 796
964 347 734 201 278 804 159 376 895 364
274 490 984 498 148 742 831 234 177 169
436 994 81 916 27 577 501 626 697 311
508 243 144 495 759 893 776 716 598 343
1 731 136 612 185 93 159 902 661 386
633 811 926 61 657 775 915 720 841 707
993 735 559 436 518 615 791 871 254 80
2 123 504 566 68 11 156 466 648 260
811 964 891 402 167 348 979 135 792 681
409 258 674 144 386 762 526 254 672 649
15 127 691 832 488 546 266 806 127 71
8 658 929 718 782 657 73 1 277 439
557 754 753 874 60 852 956 146 313 599
423 611 551 577 178 509 297 175 850 119
685 720 195 765 347 647 705 973 930 322
56 363 356 738 952 558 484 506 632 384
555 898 476 914 616 778 977 689 862 704
540 616 997 388 358 228 208 24 202 616
440 98 169 273 493 249 135 473 858 112
474 564 871 738 85 748 844 154 979 954
87 678 31 565 279 301 927 486 766 381
312 19 458 627 66 933 180 521 129 525
163 703 537 466 101 984 20 537 76 531
415 51 345 85 418 753 988 82 915 393
378 303 807 117 875 880 210 797 763 602
298 164 327 789 526 967 220 640 180 687
844 231 981 295 163 808 843 228 455 10
184 993 701 641 797 314 495 916 295 703
576 573 816 996 518 644 613 395 147 653
111 559 889 333 883 232 472 484 966 339
56 188 606 455 601 827 697 499 138 591
41 613 200 960 992 487 553 331 138 48
339 340 45 838 182 576 296 803 685 981
979 699 888 965 331 57 900 19 584 988
56 466 611 318 261 325 757 933 423 802
230 643 872 482 467 925 828 474 157 920
508 590 148 33 690 64 157 700 570 134
587 793 453 184 449 991 576 6 633 801
738 300 61 824 9 651 1 832 127 131
787 6 922 953 497 274 252 709 983 663
854 642 268 623 426 214 672 763 727 218
679 796 890 519 380 486 767 743 646 976
992 698 876 125 552 579 586 264 235 518
220 1 324 928 734 564 412 325 705 83
824 635 757 46 228 325 691 332 497 193
804 679 375 432 497 732 763 182 122 391
456 138 10 714 388 73 379 349 150 495
983 503 542 500 904 577 32 715 449 899
172 691 709 700 331 144 77 693 191 16
554 230 967 342 979 620 419 582 405 606
907 885 830 26 538 272 786 932 566 982
645 707 118 325 266 142 299 509 109 34
553 991 741 593 291 957 882 901 417 569
673 217 24 828 915 997 752 896 124 600
166 975 593 714 370 757 393 595 635 854
828 214 128 344 875 369 494 486 994 540
35 584 782 686 584 895 753 325 73 580
314 212 827 795 863 669 194 13 786 603
110 995 763 666 154 251 950 317 985 334
235 255 697 578 589 705 267 672 716 379
228 461 442 463 293 582 51 693 435 210
625 787 196 530 773 802 9 142 258 994
144 316 721 802 754 952 340 73 936 849
283 898 217 404 746 662 328 495 256 550
361 563 17 969 997 213 42 389 73 96
176 163 323 184 989 401 382 652 799 352
615 372 94 941 619 139 606 320 122 383
662 227 43 81 373 369 294 944 874 465
962 319 853 340 683 385 389 535 540 943
224 347 558 556 911 294 844 480 961 172
193 264 331 123 15 935 595 200 654 134
808 879 616 943 225 412 533 866 582 290
324 394 495 615 986 269 13 415 650 528
947 203 515 797 349 356 451 545 716 595
65 93 905 463 140 282 635 288 977 441
242 749 350 131 175 401 530 498 73 726
864 760 530 170 602 471 230 544 596 850
327 463 192 395 930 139 764 372 365 341
154 156 351 940 10 96 48 134 466 190
475 23 651 925 128 765 148 790 623 17
870 593 849 209 814 274 39 780 5 719
171 403 907 326 386 214 988 121 365 297
266 855 42 745 986 139 248 76 8 622
949 35 979 465 587 538 237 805 757 329
741 814 534 263 176 844 253 391 752 14
749 331 462 388 545 501 725 89 689 264
417 207 702 229 444 555 724 179 519 367
730 906 142 313 491 583 168 440 392 962
578 69 236 865 271 770 122 997 848 996
700 32 240 378 372 473 103 571 10 994
586 501 342 410 386 546 573 493 829 919
986 298 978 403 73 963 241 256 748 760
723 752 189 660 249 198 927 765 416 20
978 458 924 890 985 144 757 893 412 310
449 574 221 271 56 94 159 4 366 241
617 205 694 868 65 997 443 851 788 661
520 120 974 740 114 341 245 189 328 52
685 323 731 344 124 598 920 367 351 629
260 405 33 765 630 912 335 890 216 865
671 212 509 194 426 140 577 740 147 341
446 119 606 634 667 949 59 766 100 560
801 206 663 207 125 338 226 686 571 978
782 35 226 244 258 489 945 729 413 192
227 101 697 196 284 80 320 802 58 435
370 274 3 562 161 546 164 557 606 973
699 611 551 236 188 209 764 532 692 727
651 82 294 121 364 261 346 204 492 399
806 216 400 761 318 576 619 175 975 403
730 663 199 298 835 613 448 641 103 969
981 316 670 419 184 82 408 419 252 490
433 683 132 54 780 155 787 414 993 980
81 291 957 388 513 509 272 434 917 76
439 572 995 454 824 404 522 795 882 493
554 299 278 603 843 265 638 135 241 587
298 607 207 829 888 562 717 856 22 522
271 809 757 877 563 497 254 270 818 403
498 939 10 483 173 683 760 648 271 765
122 464 501 729 403 540 463 815 368 42
537 690 722 333 232 759 991 410 113 939
359 627 385 586 844 472 373 760 688 393
534 0 862 428 687 466 111 11 189 857
735 374 730 982 999 78 177 553 636 429
799 715 941 468 626 144 420 809 590 37
128 491 815 287 646 914 294 414 351 104
714 481 300 888 877 117 447 810 245 208
996 414 751 462 601 229 555 446 525 93
816 972 689 990 96 254 255 999 795 475
238 290 691 569 635 151 223 126 960 91
123 988 931 242 5 116 217 702 499 413
138 930 849 334 583 906 927 468 315 395
61 344 73 238 808 527 796 349 203 280
520 920 89 11 253 661 778 193 527 60
641 140 842 955 79 136 893 10 297 323
615 407 198 161 110 307 333 395 788 888
598 972 285 284 138 574 766 447 450 60
465 149 383 818 863 290 848 578 522 51
687 538 788 111 461 687 948 686 353 824
6 897 978 975 272 154 114 354 148 495
58 67 445 649 938 86 612 758 444 301
257 357 264 281 709 314 568 273 578 378
331 722 932 794 744 878 638 185 730 402
276 783 445 531 204 930 514 929 931 157
802 627 170 769 603 989 114 294 163 768
868 683 246 597 385 70 216 692 980 835
373 52 10 333 324 67 665 382 553 440
466 435 99 665 596 828 67 851 164 804
41 672 291 173 136 560 585 98 237 973
375 585 988 269 729 681 420 915 220 976
533 342 345 606 431 26 13 905 723 338
740 645 844 645 746 360 612 741 653 907
550 579 769 777 484 471 12 335 118 874
398 240 452 191 101 801 767 149 689 712
446 581 107 275 754 626 358 81 278 912
26 687 621 913 291 584 412 120 843 434
719 983 512 157 865 676 910 982 294 425
135 168 455 659 482 505 182 364 435 492
580 557 661 168 72 140 415 308 485 533
925 188 504 488 749 142 760 230 108 396
940 927 351 113 305 757 378 1 34 307
855 334 170 986 301 570 914 913 289 891
907 765 359 570 936 276 948 123 769 588
572 123 145 20 816 704 232 592 25 588
159 610 443 305 129 366 529 226 476 186
518 497 561 993 98 782 713 718 706 360
583 544 16 17 330 477 986 506 139 893
780 167 689 799 304 325 722 131 214 253
466 683 387 493 530 459 681 172 983 567
405 822 539 677 860 951 592 153 898 291
813 610 51 115 754 516 453 635 523 272
45 631 565 792 835 985 293 662 974 778
376 293 201 275 712 146 988 396 419 507
285 386 459 521 378 819 445 659 17 39
588 486 186 673 429 112 365 346 296 605
262 289 555 926 367 818 31 803 315 126
996 304 572 878 441 433 569 675 21 63
106 371 74 195 188 944 759 454 177 704
121 746 86 579 68 859 151 497 777 820
513 339 507 681 340 209 464 861 640 357
373 896 586 875 636 4 983 534 773 280
51 507 147 795 629 926 64 237 59 702
827 409 281 880 48 34 433 229 725 108
946 623 397 213 103 407 902 673 484 142
786 358 193 418 900 576 989 196 1000 801
789 282 1 476 409 980 366 367 233 522
727 116 996 843 357 377 754 781 411 717
205 990 105 915 850 784 350 68 717 639
406 726 281 956 392 82 493 823 359 702
807 813 376 918 269 460 971 561 445 136
416 234 121 429 831 477 485 711 810 804
161 668 72 771 784 341 174 869 331 964
425 243 193 370 58 756 486 645 449 746
978 620 732 538 619 865 632 312 929 963
703 236 622 151 576 490 221 201 694 7
224 344 71 132 112 217 213 303 584 229
742 704 342 873 748 366 4 752 484 187
414 990 518 595 776 403 859 381 378 546
337 599 476 422 422 838 703 749 365 86
62 418 409 683 353 971 254 774 767 407
756 925 230 767 694 316 353 854 869 64
17 11 659 257 765 858 287 573 23 257
503 50 531 785 657 726 787 939 645 445
411 892 426 734 670 446 212 440 719 76
780 384 889 197 591 238 510 679 456 777
917 514 347 900 788 132 446 512 398 10
91 304 117 163 518 359 958 598 699 323
671 185 272 25 730 245 772 758 221 775
973 831 318 741 291 120 531 675 256 877
328 54 1000 47 608 647 688 106 88 626
400 899 222 286 396 591 950 387 775 798
161 332 524 117 738 713 190 322 223 175
405 668 158 988 413 29 506 473 300 116
649 131 778 639 44 499 857 557 143 275
642 517 84 189 912 339 487 817 859 368
241 660 870 746 46 428 850 979 299 795
539 975 946 441 836 271 112 37 324 599
846 84 570 397 757 510 842 125 72 48
830 756 100 872 755 413 56 356 923 988
276 676 873 929 133 202 700 512 165 821
661 474 753 307 605 410 436 899 1 463
958 662 172 289 746 472 23 589 504 844
515 535 566 395 188 544 374 645 935 249
140 36 142 220 535 65 727 824 571 842
196 330 907 551 467 16 723 850 643 780
154 864 364 679 190 357 229 644 712 272
881 551 949 814 781 981 581 75 780 379
206 504 562 478 526 513 158 927 615 748
496 764 453 337 886 346 480 191 197 475
507 433 525 459 7 409 534 115 909 900
289 999 128 78 245 925 722 207 502 292
213 0 229 555 487 802 689 483 960 56
331 363 592 980 97 681 535 363 67 744
780 967 409 16 603 665 484 108 721 245
950 367 596 364 414 160 56 14 425 268
192 126 467 983 991 429 377 715 263 18
386 434 303 727 852 358 360 634 962 819
188 724 24 75 225 268 989 607 704 697
620 610 487 18 478 73 301 898 676 922
530 883 776 611 384 667 592 40 120 356
750 147 605 295 454 921 644 385 552 807
186 867 68 606 67 128 12 59 545 582
244 738 433 594 576 845 28 670 775 958
914 449 133 169 87 90 208 975 240 882
499 481 290 923 475 127 847 293 297 914
945 665 523 14 508 663 715 483 807 26
824 125 1000 585 910 675 735 956 627 35
490 475 102 315 18 321 966 54 236 480
727 246 93 322 324 720 775 520 613 113
506 469 753 102 881 511 735 851 566 695
906 364 367 527 531 392 688 36 835 718
956 516 425 65 990 915 512 213 454 440
603 261 532 705 680 915 120 53 584 786
9 858 74 919 70 29 873 463 874 805
925 844 127 72 758 68 262 153 679 516
902 225 284 87 708 23 316 277 802 987
105 282 912 474 976 767 867 662 665 465
727 487 826 352 646 902 459 248 94 531
619 827 124 473 978 301 106 809 662 870
888 868 348 466 848 255 239 377 383 84
666 268 45 449 939 618 546 618 640 9
310 896 178 963 373 399 270 43 409 196
376 216 297 153 313 382 982 100 387 445
26 28 95 971 570 509 683 881 918 263
434 875 782 552 341 918 238 722 793 105
316 328 736 833 949 187 999 714 311 407
537 693 566 639 200 774 235 281 253 579
551 679 119 75 581 361 630 666 332 715
492 64 515 604 232 40 387 36 263 592
324 850 819 4 838 685 619 592 928 535
736 706 679 278 126 86 237 647 66 585
317 629 893 294 290 276 38 995 101 119
406 529 446 444 964 607 637 606 740 639
773 843 294 187 75 174 816 449 934 846
259 14 716 649 486 391 192 58 531 805
973 288 263 859 513 88 740 185 61 236
307 883 74 368 473 380 60 143 625 957
920 785 976 780 226 951 886 588 804 402
162 82 988 932 152 218 66 241 38 825
540 119 874 818 88 954 760 950 505 520
631 422 794 96 199 180 403 638 895 826
424 354 8 314 202 646 192 868 163 844
738 188 255 327 410 827 798 616 484 426
308 633 951 503 246 976 466 317 992 896
350 195 716 638 145 175 921 705 944 632
704 131 822 98 250 501 199 321 912 321
114 176 956 813 845 726 620 594 430 921
976 559 42 733 194 439 951 83 184 524
337 412 9 62 805 356 85 298 358 5
958 860 400 433 719 153 263 566 593 877
449 396 648 551 825 452 575 93 872 693
427 46 660 889 68 402 82 172 935 729
37 845 704 586 768 991 961 416 617 926
452 965 325 806 455 211 557 588 227 31
743 583 803 743 910 691 131 417 540 167
217 233 417 956 346 14 925 77 115 225
164 778 870 348 197 827 666 269 695 314
518 100 480 549 754 793 185 163 391 7
108 938 165 294 700 510 948 974 633 78
290 841 705 730 684 794 556 213 542 124
662 593 734 419 546 354 147 764 988 114
151 297 650 296 438 650 512 731 957 143
293 582 932 847 302 954 899 199 922 545
619 377 354 158 366 188 145 797 922 457
262 639 818 391 526 866 750 591 207 92
541 49 89 807 855 554 755 803 898 462
489 188 508 335 379 891 144 526 897 510
850 703 610 405 187 214 534 540 508 699
325 558 419 637 181 515 790 793 441 216
337 438 675 505 292 829 117 339 367 228
372 744 251 50 833 677 978 176 136 859
924 388 951 60 244 491 197 163 241 510
575 630 534 953 734 12 641 481 188 791
469 913 689 405 777 133 177 92 623 538
593 531 883 379 974 510 64 190 576 51
339 648 589 777 436 111 512 583 813 172
702 492 39 376 728 554 360 579 524 89
557 81 285 277 511 500 357 859 253 660
956 237 979 27 231 420 738 526 478 299
784 850 852 633 534 226 148 870 251 272
752 252 582 817 504 506 504 816 156 440
165 867 592 530 161 852 462 5 503 391
311 756 591 612 777 323 434 648 569 128
951 510 122 316 706 245 32 62 259 902
810 793 328 702 738 452 728 885 715 638
180 542 437 89 494 902 735 656 30 793
41 637 907 397 965 62 862 147 98 321
136 725 44 748 267 41 665 634 5 832
837 816 909 41 976 223 194 123 869 791
780 347 862 165 393 289 941 263 997 798
498 147 969 982 264 564 679 255 99 134
516 535 162 123 992 178 414 366 490 672
663 530 715 29 209 765 775 510 287 871
113 477 320 357 844 466 173 111 703 657
563 270 550 568 416 71 967 37 3 683
781 166 711 540 270 550 371 628 370 694
649 115 88 19 281 966 736 354 720 523
749 222 495 899 78 97 637 431 550 997
818 492 743 222 884 699 672 468 333 77
688 481 974 844 194 927 669 569 85 218
