121 538 577 762 958 243 325 323 239 889 211 901 430 514 351 323 101 407 243 132 935 261 73 17 217 782 195 626 476 398 673 310 897 367 635 407 75 60 647 824 238 949 568 590 860 18 690 256 134 364
743 619 859 161 633 798 448 50 369 895 623 704 960 8 906 806 813 278 122 640 693 504 51 738 590 979 482 838 428 305 137 639 668 961 643 109 380 180 937 528 952 506 517 524 868 894 121 453 750 903
824 844 20 56 821 266 263 761 481 928 515 874 738 268 294 64 960 128 105 560 916 990 986 141 542 483 326 888 178 211 10 818 976 838 297 485 251 702 332 237 178 998 563 913 474 578 701 435 67 528
517 181 966 404 163 326 432 903 532 895 725 95 414 187 490 419 6 807 403 109 608 817 375 277 649 594 836 85 973 350 464 173 811 3 925 910 268 909 79 142 58 968 407 905 100 895 280 65 530 810
712 358 836 982 459 448 999 199 915 714 647 530 627 463 280 664 917 426 569 482 978 186 479 910 664 567 561 988 900 910 226 177 414 263 821 902 190 44 278 604 533 560 881 793 92 906 146 98 819 400
99 797 0 319 788 4 950 947 261 767 285 138 662 537 748 821 445 778 639 518 175 991 582 344 196 912 715 659 981 889 214 311 220 6 743 172 618 735 23 399 609 554 542 417 251 288 710 765 310 143
523 21 969 309 536 445 424 316 342 265 211 92 126 514 862 539 182 682 35 976 0 918 348 429 604 186 979 623 419 254 422 772 586 214 731 752 644 96 777 222 259 937 345 797 823 672 223 461 24 277
272 457 621 125 251 116 229 476 260 842 719 298 827 253 641 439 259 493 374 421 551 128 133 908 181 841 872 637 350 198 204 356 104 185 909 267 740 169 558 955 537 71 573 746 291 405 762 325 740 336
873 341 602 414 266 380 686 588 472 804 606 372 340 450 503 476 381 600 895 300 573 384 986 191 288 779 21 659 834 522 223 762 78 234 874 273 109 373 976 946 52 559 27 267 524 563 510 257 841 922
312 402 543 659 54 130 457 248 998 419 983 112 483 933 580 810 840 507 505 48 106 640 78 162 714 624 415 961 597 524 392 970 727 364 871 932 323 941 324 976 65 311 153 543 555 627 15 834 280 283
586 501 434 666 623 364 549 712 335 107 120 310 821 77 629 896 249 575 748 108 444 986 171 39 472 64 676 365 182 571 289 597 38 401 493 107 209 485 434 74 84 855 432 152 69 990 969 56 809 159
842 582 882 413 49 664 614 96 953 592 431 792 193 667 347 688 324 221 121 813 15 403 317 495 566 662 170 205 575 502 574 810 228 154 720 180 939 868 250 345 445 744 906 646 505 495 609 877 574 725
464 584 174 137 981 793 555 110 94 71 418 77 168 722 958 383 926 269 805 984 780 83 973 417 183 633 157 573 810 902 903 128 602 572 688 940 213 689 70 319 451 6 529 438 116 984 138 563 493 735
940 259 987 118 437 933 871 900 762 700 951 178 719 434 171 289 442 81 665 304 75 477 934 868 930 599 379 609 856 959 503 226 689 505 665 19 246 111 251 344 860 610 836 733 329 632 555 894 155 586
662 610 421 303 208 70 391 473 394 391 334 352 601 444 407 716 663 805 520 351 413 226 86 149 243 5 584 472 600 425 10 266 869 486 319 509 351 694 46 640 269 774 73 857 911 146 998 724 273 229
877 295 642 252 233 712 882 691 241 860 372 298 778 899 987 730 884 253 929 960 203 569 102 407 796 425 63 490 653 496 220 224 238 192 357 485 282 253 519 104 78 785 15 195 78 702 186 247 686 822
834 867 714 618 236 352 558 442 917 407 404 963 175 333 718 40 241 260 956 364 953 699 353 550 304 857 935 180 398 845 259 21 151 711 472 447 121 426 744 869 472 471 524 344 734 606 950 672 270 13
278 362 680 751 404 810 571 233 135 261 983 953 819 35 578 500 4 651 596 315 648 447 226 591 435 799 327 569 47 151 541 63 489 753 85 775 95 191 452 611 972 58 646 352 499 30 703 122 664 475
7 957 819 251 644 956 928 786 281 435 285 521 468 494 184 420 573 451 616 820 525 769 752 600 381 977 37 667 980 933 182 626 338 567 728 290 754 978 420 738 726 460 413 130 326 903 715 977 255 69
137 707 235 658 696 794 386 478 121 348 722 250 708 315 630 637 887 649 918 357 409 911 117 887 781 137 529 308 494 94 396 431 284 958 938 258 179 617 467 805 884 25 740 257 734 409 442 7 180 177
184 188 997 699 971 17 349 421 559 65 801 857 711 267 870 27 442 970 675 961 70 957 535 17 486 957 1 461 9 363 601 925 840 946 532 314 972 428 762 238 851 561 127 203 152 445 256 288 400 452
671 94 808 738 675 737 446 713 417 234 279 336 199 829 51 830 623 346 591 341 720 258 970 370 140 336 250 111 990 994 35 227 490 258 521 307 230 206 719 245 560 942 909 532 497 189 468 105 826 552
700 175 731 738 696 754 362 876 2 638 941 644 995 638 537 137 978 148 167 943 500 703 317 790 423 742 113 263 272 687 561 320 880 890 303 759 541 195 90 30 427 34 787 134 454 882 732 111 633 671
587 10 2 703 628 970 973 980 442 16 251 406 97 980 265 801 999 618 216 671 264 23 249 803 246 627 386 974 966 537 896 242 686 111 877 890 641 854 891 869 757 972 940 38 237 578 253 344 916 76
64 658 330 775 211 347 476 680 323 247 181 760 59 800 797 17 35 342 206 710 278 839 766 405 327 604 879 198 408 251 41 438 65 670 160 794 628 238 686 772 149 669 660 217 510 496 293 149 60 115
334 474 280 726 960 274 767 219 356 572 954 196 746 645 932 272 759 445 240 854 478 991 889 705 460 495 836 8 441 322 707 229 284 327 954 826 641 245 918 469 623 211 156 734 590 534 37 94 158 438
828 758 204 366 100 67 554 343 549 457 174 291 869 430 874 909 748 481 40 249 563 334 996 579 822 42 502 40 725 444 289 33 204 355 677 871 95 312 905 910 154 496 302 513 389 577 776 887 789 584
116 751 84 714 791 210 692 229 33 485 532 879 413 457 545 261 925 339 643 604 682 619 446 432 759 499 573 549 880 784 899 605 52 992 343 601 848 464 845 402 952 102 272 967 906 352 776 349 83 884
707 90 499 104 65 872 806 659 839 2 767 967 606 804 283 463 434 596 273 542 923 119 127 644 682 129 656 937 872 468 813 686 572 764 396 76 592 294 297 521 514 116 304 698 606 439 417 295 344 555
844 267 67 844 491 281 594 293 646 706 431 663 476 845 707 824 551 264 234 23 758 73 571 94 495 360 714 776 936 482 125 280 838 774 901 861 466 977 340 367 791 957 178 582 755 388 193 225 500 754
136 226 715 622 386 107 67 570 98 785 769 442 523 34 974 238 319 461 906 731 461 215 494 787 710 675 849 46 871 335 417 463 435 674 638 892 996 269 666 882 186 434 429 341 796 264 373 325 320 769
428 384 647 509 62 648 893 924 812 345 525 878 929 994 980 985 401 555 836 140 594 149 257 707 642 363 834 140 804 3 314 505 743 87 324 492 554 956 715 210 956 379 48 833 522 948 982 163 341 763
992 531 246 304 217 1000 408 163 66 765 169 470 107 18 353 545 32 524 857 650 371 694 66 320 979 542 573 56 990 452 459 970 990 666 635 864 471 344 950 572 156 542 265 301 436 7 883 251 204 233
270 939 659 481 512 731 969 476 807 945 579 585 941 533 377 623 903 238 677 592 782 457 918 285 86 951 622 473 790 611 262 903 211 795 416 221 632 957 605 313 175 256 721 161 906 258 516 6 492 746
207 826 572 840 240 980 356 269 199 421 546 72 645 900 177 75 538 203 645 819 743 264 427 529 337 780 162 838 488 325 105 92 730 412 291 661 530 830 964 163 388 19 6 672 338 869 588 549 73 736
64 646 521 408 659 83 142 541 905 727 527 536 703 880 340 781 681 226 373 955 14 519 33 517 576 164 636 900 915 885 245 44 405 251 565 390 255 465 326 299 260 350 924 168 527 767 263 782 613 467
1000 548 703 798 237 294 49 833 213 989 504 908 444 40 964 315 84 444 167 937 342 397 548 132 767 275 452 158 420 591 301 205 389 503 887 399 456 953 818 429 542 948 63 332 855 180 218 290 260 443
279 456 167 499 759 522 355 970 907 861 974 63 332 976 227 849 516 875 711 782 904 495 383 746 981 165 227 668 772 479 506 238 48 398 291 755 792 328 220 625 22 648 517 727 998 123 254 401 412 848
631 595 74 434 644 479 260 552 291 284 991 604 393 423 506 824 330 988 870 541 953 914 421 667 738 82 715 118 63 852 498 225 191 274 197 857 309 353 560 501 172 469 207 810 488 149 924 174 218 784
305 266 94 701 951 81 607 626 356 700 469 123 976 927 115 188 135 769 782 260 790 408 59 821 79 881 47 69 213 597 626 291 283 509 932 408 758 410 89 412 295 357 27 242 43 394 263 634 74 29
3 701 130 287 276 31 390 124 27 648 173 63 245 144 904 335 559 464 684 901 160 602 317 774 619 931 483 607 949 681 609 419 197 575 896 860 871 12 834 563 415 522 84 902 859 12 254 938 262 699
551 58 934 434 542 629 253 116 88 226 131 608 210 931 223 602 499 545 436 492 112 35 74 802 780 643 752 169 578 795 664 787 165 748 933 725 284 963 5 73 975 691 742 681 996 182 798 448 795 387
12 132 320 374 848 78 613 381 81 952 847 570 736 810 903 132 457 111 235 673 912 92 815 381 857 214 95 872 714 17 312 46 448 861 955 509 578 745 597 957 331 67 928 499 119 848 595 770 235 622
555 746 309 784 448 226 831 126 942 746 428 676 537 970 618 357 94 764 995 481 313 267 287 172 461 697 417 445 542 581 439 17 226 109 79 441 450 121 788 547 899 415 514 727 271 520 985 895 848 723
272 414 170 781 132 465 71 817 598 222 726 266 180 224 628 28 730 148 449 957 311 871 504 330 697 791 635 527 870 829 837 265 580 854 199 972 581 276 911 575 502 40 201 948 481 855 596 845 334 12
209 964 376 773 233 469 893 376 473 270 346 635 508 108 953 785 169 592 616 921 767 328 460 835 695 945 156 948 786 449 526 5 855 691 197 275 524 943 562 126 195 684 338 823 116 174 784 283 72 351
897 460 856 470 259 982 955 299 435 778 41 951 794 342 291 212 451 342 202 385 602 546 899 222 127 448 935 443 752 331 923 864 252 720 370 149 97 170 672 879 79 423 597 703 133 430 194 19 270 820
407 19 487 993 696 644 521 373 963 53 891 47 243 611 547 469 906 630 118 233 117 443 350 17 460 24 865 863 670 81 856 479 777 848 844 676 668 570 640 501 575 743 513 970 202 526 882 648 180 751
204 412 412 958 550 413 5 551 694 65 780 53 815 785 630 461 526 954 290 279 897 399 740 571 286 928 583 175 601 429 963 55 781 81 163 157 919 281 348 77 902 889 40 140 766 962 507 451 19 693
85 264 806 279 438 295 630 700 136 752 420 581 941 627 573 954 904 498 320 22 886 190 519 82 382 994 291 561 980 786 770 77 398 545 95 123 423 360 31 296 377 491 11 432 426 197 613 103 450 849
796 948 122 789 528 334 223 605 214 144 565 0 357 238 99 772 896 575 478 700 400 46 873 544 251 210 559 977 678 790 268 334 980 927 694 402 296 852 700 556 479 205 16 685 262 489 970 60 604 487
461 760 243 147 283 733 371 604 333 461 659 488 408 581 322 152 769 847 352 918 119 196 457 396 182 753 385 670 278 434 541 46 474 485 904 289 55 114 790 329 189 667 521 397 172 667 215 892 169 828
806 403 901 958 669 499 729 90 631 261 989 938 941 846 314 468 576 222 965 273 958 177 224 369 1000 896 649 500 524 840 960 463 624 449 219 459 831 48 530 557 164 258 663 150 499 625 553 583 711 373
130 365 454 292 131 401 297 503 443 525 738 362 265 617 15 518 33 729 925 867 296 117 831 413 848 597 112 788 742 612 442 729 142 398 495 885 718 977 487 686 737 436 885 89 116 652 118 300 61 344
969 174 848 4 115 250 315 568 186 666 677 193 614 45 701 488 897 251 851 668 879 587 530 335 465 88 98 766 997 917 449 877 466 482 900 334 811 977 694 945 125 790 433 168 499 95 157 578 237 423
482 60 734 909 95 294 245 870 146 578 55 398 908 610 876 122 48 692 369 127 121 680 728 582 888 36 259 850 441 652 723 332 953 510 33 73 834 240 748 943 860 996 797 583 815 237 467 580 768 502
920 89 581 909 937 695 455 82 665 854 520 624 464 853 206 575 397 954 388 781 678 810 234 18 938 76 446 58 175 930 494 692 669 525 374 408 37 121 837 756 528 773 200 302 601 594 708 783 162 555
852 573 174 640 555 813 714 94 624 717 143 978 660 627 671 832 884 641 327 337 136 361 543 210 819 865 344 819 41 233 571 304 855 280 985 407 641 727 387 623 379 555 710 661 789 83 437 427 209 109
308 720 531 408 120 791 429 145 335 597 106 319 661 765 183 686 522 185 46 771 518 683 976 809 943 81 642 112 18 1000 597 383 886 603 223 481 970 63 208 625 905 589 519 93 852 60 775 419 370 995
102 250 60 361 387 217 591 651 576 900 14 652 539 371 629 753 819 246 613 475 940 208 174 353 108 464 851 874 636 116 143 415 329 997 961 606 920 159 962 997 654 552 696 181 948 224 6 336 377 132
3 658 588 117 695 835 567 446 662 119 781 988 560 395 520 189 943 799 709 608 927 928 980 555 690 665 750 189 778 13 505 33 174 286 397 197 277 120 223 612 34 106 240 158 208 99 773 885 818 251
122 24 756 64 386 738 825 242 61 547 972 70 897 912 836 428 576 763 378 842 324 436 320 658 494 835 365 668 568 961 225 233 804 137 509 956 534 607 290 584 323 84 293 977 593 183 923 193 357 575
979 481 197 887 186 754 433 901 915 831 28 101 433 83 146 433 68 71 552 203 431 480 532 82 983 115 786 205 947 92 589 841 355 112 463 863 660 769 350 638 689 526 381 759 754 684 280 440 226 186
871 235 806 562 671 321 8 331 755 483 823 714 918 258 505 505 411 476 166 875 564 375 958 255 451 5 76 810 369 812 11 214 498 930 153 891 152 259 827 554 885 731 561 837 438 641 145 229 982 50
449 83 331 922 554 510 823 728 417 908 277 499 873 255 910 700 846 21 22 853 958 128 286 732 619 164 186 894 257 326 894 687 105 326 801 712 55 581 882 685 667 11 931 259 273 618 354 162 585 526
840 458 762 116 765 74 864 680 838 454 708 357 476 244 512 15 428 624 161 129 131 611 88 870 28 935 557 148 484 791 150 682 381 557 661 189 561 679 848 381 998 667 479 375 760 195 372 647 536 452
268 541 863 695 883 125 367 103 455 738 34 365 23 720 864 1000 28 737 145 127 266 985 425 722 185 201 185 244 670 641 757 381 646 410 288 283 767 95 754 324 450 351 978 560 742 567 859 62 548 545
355 754 269 133 921 220 831 100 797 855 435 845 120 630 756 293 896 245 696 286 416 318 136 140 89 70 344 409 856 41 43 439 97 242 573 92 316 490 809 645 15 462 6 733 678 358 293 642 392 654
460 192 707 997 706 617 290 32 714 924 218 859 514 249 153 573 155 851 944 546 396 105 845 463 813 826 176 77 780 16 94 863 817 190 137 99 451 102 297 237 22 855 290 24 28 464 180 77 941 28
41 984 907 514 745 510 171 264 63 912 656 531 275 392 916 416 603 235 406 693 104 530 679 393 421 331 36 822 983 315 717 559 886 565 806 250 124 560 480 422 186 646 186 659 176 549 692 504 519 824
105 631 897 132 110 759 741 728 903 795 367 883 485 636 213 272 613 3 504 791 21 558 847 255 742 2 798 865 869 494 641 812 314 819 786 760 498 198 702 703 274 198 792 689 484 795 903 971 59 837
476 24 50 17 826 649 515 168 983 864 846 610 355 800 862 955 110 265 718 102 564 582 660 210 49 8 311 838 720 975 368 360 186 32 200 216 144 374 308 378 357 853 786 257 419 34 610 46 508 382
159 667 326 743 553 637 613 707 661 867 888 10 561 283 454 817 122 337 277 335 244 986 435 527 923 597 911 392 637 389 343 882 657 39 171 997 20 154 963 471 777 973 445 707 557 937 386 156 528 534
12 534 593 763 852 477 50 347 934 749 506 659 181 185 905 467 900 652 782 624 759 452 633 912 315 479 405 953 880 972 387 137 88 552 199 707 235 932 923 412 435 803 363 401 850 74 514 809 409 275
311 967 316 475 72 473 939 688 505 234 726 49 434 337 497 888 556 459 733 128 563 27 317 88 345 249 813 919 33 792 738 342 435 691 682 531 351 943 265 188 303 461 482 406 393 809 234 521 976 211
659 108 791 335 165 210 94 632 906 632 504 503 751 857 50 798 669 565 428 745 405 336 982 935 624 408 723 170 796 496 733 721 607 157 157 584 948 655 500 719 634 804 610 316 934 335 326 119 55 445
447 159 510 188 824 996 641 774 128 935 493 733 426 326 678 107 723 525 30 908 759 59 710 174 105 339 481 969 511 861 106 595 105 522 539 925 736 990 77 266 624 505 988 558 393 164 448 272 268 208
951 372 895 923 982 294 579 289 327 323 812 475 210 764 255 245 561 867 311 897 175 597 994 709 512 683 423 33 554 824 885 936 789 964 308 349 179 224 284 342 512 577 285 971 120 116 850 646 289 634
475 199 527 371 724 794 104 188 810 952 104 213 101 961 352 664 741 904 618 709 497 225 84 490 305 261 501 483 200 390 600 41 71 19 756 755 370 664 245 791 861 208 707 366 348 56 795 472 979 740
424 288 162 830 936 489 988 153 614 233 227 994 650 980 521 895 675 241 682 826 559 350 6 245 630 522 952 888 91 114 177 461 405 300 207 10 601 243 559 721 967 223 592 311 360 390 721 414 695 151
470 708 877 774 738 704 613 18 208 828 809 67 350 413 644 274 541 96 187 719 377 544 981 779 477 194 907 71 421 176 487 828 957 36 115 536 848 780 455 516 947 658 558 893 534 569 634 724 818 319
361 633 836 661 422 91 97 197 762 271 741 624 520 0 424 398 580 882 940 785 614 810 986 695 505 225 510 654 764 998 160 843 163 681 571 219 935 863 895 806 807 478 157 504 724 201 700 60 713 633
117 40 65 911 755 323 544 53 856 796 131 595 686 794 911 187 820 495 79 70 592 807 942 190 190 184 459 101 976 550 320 21 325 785 757 323 699 270 638 498 502 722 614 955 853 689 555 359 138 35
706 315 56 546 594 501 919 136 672 786 241 765 503 122 417 522 209 563 32 145 48 318 178 5 592 742 468 533 362 621 855 492 57 976 527 524 951 425 564 507 488 53 531 379 15 926 225 866 694 295
684 91 66 245 578 405 695 865 51 214 102 970 788 8 685 325 553 865 122 259 126 594 502 136 87 970 134 472 431 780 383 620 942 624 711 580 651 323 716 408 857 753 10 216 635 875 504 597 49 293
509 965 627 669 857 411 252 554 3 79 410 865 873 823 390 265 534 171 615 310 415 873 79 695 313 372 213 154 501 389 136 690 327 15 597 276 576 375 113 835 874 585 499 511 29 512 634 336 809 319
140 277 100 503 951 875 184 808 290 54 109 756 964 309 949 339 41 675 595 24 784 261 483 629 120 919 330 510 590 627 900 911 526 145 934 646 865 975 461 797 951 570 840 81 482 705 612 274 326 555
820 689 93 740 437 294 324 499 294 365 784 402 234 261 25 253 970 419 688 280 321 456 687 328 736 571 793 99 233 713 307 421 592 229 353 389 419 153 57 513 928 338 159 40 183 452 870 288 862 230
461 748 299 311 454 47 123 831 459 695 640 731 535 263 841 238 90 686 274 593 542 316 568 281 608 692 342 951 386 75 828 659 658 365 246 807 462 772 846 374 78 196 346 44 458 89 100 380 417 347
773 202 386 751 442 334 926 707 716 130 572 199 144 692 200 538 838 898 142 942 436 145 539 574 422 175 802 336 202 967 518 489 618 858 700 18 434 574 229 496 7 914 504 759 432 479 513 771 416 400
930 502 695 102 396 556 147 202 936 868 440 855 151 884 154 976 362 993 730 725 160 221 773 936 700 722 661 658 307 57 98 419 505 855 922 561 785 471 725 462 301 305 393 395 327 14 841 936 639 906
344 260 663 312 334 187 742 776 114 158 297 414 597 777 555 646 871 306 597 845 417 124 608 846 695 129 763 967 168 552 392 570 787 362 723 149 400 926 403 211 130 247 889 922 522 677 603 454 222 185
230 197 355 927 137 922 582 525 716 6 69 705 884 59 149 795 320 689 973 491 759 51 897 726 629 454 838 121 82 54 466 114 643 928 693 987 361 496 311 183 731 60 634 808 868 425 694 479 322 295
171 836 456 532 213 580 650 434 436 958 625 247 1000 153 201 318 373 252 613 842 194 113 13 570 842 6 915 469 742 208 874 507 570 362 7 540 827 866 240 361 166 466 400 242 584 468 81 842 593 443
697 850 701 825 199 758 194 651 120 658 946 656 144 124 969 625 367 422 897 704 945 670 637 242 448 238 743 192 151 40 606 619 512 653 816 460 28 635 486 424 92 853 136 212 117 89 376 28 223 626
664 132 465 565 951 335 430 573 282 839 564 763 157 310 248 898 108 114 470 488 406 852 645 52 434 920 247 966 714 818 42 550 291 651 651 818 997 763 264 438 761 18 669 712 461 744 833 813 818 153
970 316 32 347 457 856 410 688 325 31 973 536 886 940 391 861 53 276 65 881 84 272 561 598 422 853 835 3 212 678 299 645 798 52 977 682 465 661 590 803 99 820 856 39 343 275 370 721 591 355
422 188 406 719 688 826 110 655 942 652 53 855 229 614 882 936 454 623 114 244 609 194 853 613 690 475 271 256 351 620 896 591 599 282 972 997 504 717 34 712 538 50 945 431 772 188 698 615 12 559
347 524 233 868 636 175 375 627 370 914 818 255 440 675 394 711 424 248 39 61 556 749 699 757 745 288 824 667 688 178 707 461 636 285 914 247 403 821 658 845 425 586 301 79 381 55 920 881 658 681
707 732 89 868 996 967 94 165 936 434 592 352 533 206 827 427 760 448 235 723 412 696 897 593 489 461 726 817 685 519 945 243 566 766 221 306 703 794 564 233 552 43 738 626 364 454 650 469 48 836
918 398 871 60 381 785 390 301 804 137 797 515 76 353 342 785 344 378 859 53 212 963 262 91 845 148 741 246 513 863 692 249 691 450 264 445 199 57 450 342 219 440 869 342 206 272 903 975 667 243
270 707 782 804 249 450 970 615 999 635 406 26 658 694 816 645 266 753 877 208 730 246 320 596 787 389 761 151 447 345 11 521 195 714 346 925 306 192 485 710 196 247 358 980 564 289 591 244 874 658
997 261 511 92 79 947 379 526 55 825 942 880 38 618 975 659 476 635 30 821 795 42 608 223 266 883 268 523 17 273 194 378 882 826 207 748 456 811 73 694 755 24 790 362 461 874 513 464 595 502
547 663 141 68 411 477 538 933 359 750 595 901 566 471 141 591 904 793 942 239 92 179 872 594 508 438 984 815 540 555 866 82 968 659 645 344 746 400 286 846 503 307 567 42 470 217 298 175 709 560
148 107 372 316 553 675 712 671 761 474 715 63 908 466 80 885 125 151 622 732 431 49 473 222 294 835 455 771 440 894 625 463 339 834 986 690 720 313 856 621 25 431 712 927 9 635 59 893 161 447
195 28 39 27 132 667 57 987 582 336 936 228 306 975 257 742 658 415 803 186 6 438 950 524 98 265 962 973 243 824 967 356 569 583 298 66 178 606 961 992 987 912 521 381 931 255 839 893 779 990
913 855 204 835 196 600 96 760 767 257 669 51 265 139 679 388 275 659 374 869 889 616 456 718 580 395 620 884 458 25 568 478 181 230 108 397 401 610 775 318 356 565 17 936 809 22 276 660 905 711
876 701 295 850 28 142 656 51 993 152 915 602 460 31 317 832 850 433 742 304 804 424 39 205 931 923 57 452 56 336 617 7 389 287 925 682 324 445 659 74 816 865 365 847 907 275 84 200 604 736
137 497 285 350 675 193 208 958 749 173 780 915 551 67 781 461 865 334 840 78 131 229 659 849 264 210 31 356 385 331 705 801 225 607 177 435 487 416 201 173 831 66 44 99 117 790 522 912 144 291
608 626 242 460 792 177 182 772 506 773 608 966 214 148 646 187 579 608 133 586 315 634 927 445 798 256 253 253 75 368 929 973 747 139 656 868 655 892 728 284 989 402 921 357 771 354 239 798 904 616
720 768 289 345 657 918 183 558 599 315 862 874 327 834 566 907 718 904 450 347 616 779 738 980 207 584 564 894 145 820 337 734 453 766 483 660 583 860 873 921 412 818 81 859 560 378 246 493 416 824
218 210 688 494 997 365 542 675 888 765 858 80 919 39 659 850 703 17 31 603 424 922 231 818 754 101 694 978 436 461 278 223 809 419 731 495 244 104 285 878 837 577 427 269 951 533 425 842 642 837
592 95 935 805 563 894 660 476 122 840 241 445 627 436 728 224 512 672 921 397 847 988 695 389 237 819 872 914 551 348 773 219 655 67 147 152 758 66 581 663 594 409 352 138 768 875 739 453 645 939
426 281 964 397 998 601 924 926 380 393 927 529 719 840 522 42 449 720 74 909 907 108 812 546 684 845 568 603 917 609 757 143 914 496 976 38 957 384 753 23 944 464 255 795 788 256 459 428 708 575
275 146 825 798 695 892 66 639 37 862 601 864 348 476 27 671 730 836 701 999 349 580 772 365 612 7 759 572 14 401 137 409 460 200 388 998 492 437 243 777 804 35 831 271 39 766 313 714 613 493
773 394 344 626 304 345 37 35 936 527 406 790 24 735 861 751 649 256 3 226 510 324 544 400 136 359 521 581 471 685 274 942 585 810 482 492 294 735 748 502 390 819 829 654 719 953 458 685 682 972
186 974 682 133 156 368 398 340 392 780 339 715 890 502 492 16 52 539 200 302 785 733 815 963 986 191 583 242 470 300 926 1000 372 531 630 934 58 664 725 83 84 442 377 43 927 438 496 366 882 877
898 99 543 260 70 807 11 548 508 769 574 316 131 191 986 12 419 4 1000 145 556 883 369 189 631 69 40 697 447 0 429 978 533 987 228 306 999 511 295 461 709 397 976 865 657 891 556 960 863 560
693 221 277 480 510 639 228 687 217 488 725 706 457 127 737 512 320 937 928 8 456 368 707 31 529 392 900 254 503 125 130 480 190 666 256 806 677 281 535 530 755 182 144 420 719 858 933 821 933 22
16 809 445 998 827 341 114 329 606 250 348 570 323 388 262 944 901 46 806 621 236 514 593 383 880 994 617 863 489 253 107 635 682 51 107 267 800 792 469 553 961 447 699 552 826 43 805 553 569 724
340 928 958 371 953 874 676 298 748 440 831 315 825 302 784 896 699 287 322 45 1 349 668 973 854 711 586 348 835 718 812 179 341 715 927 690 987 472 109 795 828 254 192 571 599 568 601 570 520 77
584 51 395 92 635 423 209 799 591 366 980 646 558 470 425 841 441 342 243 750 769 778 354 882 116 803 485 538 85 169 905 365 279 117 700 685 545 588 907 502 549 189 32 620 977 477 62 346 246 543
736 71 377 669 866 496 188 559 302 551 376 226 656 142 898 453 698 262 322 573 804 897 495 571 998 300 47 517 912 8 111 503 217 871 983 283 981 550 3 977 410 3 264 587 198 470 375 828 753 394
686 840 443 77 952 154 381 10 667 520 272 696 862 627 841 289 290 980 284 158 913 809 364 948 566 573 825 485 101 803 65 503 249 225 710 215 251 656 518 638 295 234 7 814 48 700 711 871 870 257
836 507 159 534 458 399 811 411 816 250 211 737 120 79 484 210 809 646 605 197 588 589 907 639 281 990 113 436 369 978 656 648 132 765 801 117 946 439 73 654 440 94 919 684 96 544 808 245 319 493
664 331 981 522 432 980 938 508 385 402 177 406 323 365 338 152 644 48 278 931 856 750 516 442 919 170 824 886 802 229 105 386 636 112 414 500 420 417 262 213 751 273 917 853 306 164 978 330 180 831
363 200 154 9 625 119 550 922 366 45 758 417 721 160 713 270 363 290 447 211 886 226 996 651 55 5 42 547 711 683 397 55 204 689 637 550 538 683 728 593 717 846 493 103 528 556 340 811 638 858
721 13 1 751 233 429 965 622 667 62 617 720 161 335 237 60 660 486 529 301 805 449 717 726 53 7 405 139 439 896 852 609 282 623 582 520 901 674 391 587 152 565 949 249 835 568 794 888 757 236
712 607 149 7 80 791 462 371 322 600 605 697 35 28 347 983 596 740 958 673 189 268 30 427 340 753 248 865 523 55 211 895 507 319 906 340 9 132 675 541 13 998 705 315 712 866 336 815 33 237
686 166 380 106 960 249 22 332 583 811 604 98 413 973 365 721 968 414 684 638 171 514 434 167 152 382 38 849 984 824 959 74 783 263 4 689 715 73 349 993 426 52 419 742 896 68 186 580 745 116
239 368 740 49 712 225 382 771 184 863 122 234 572 891 377 53 703 971 727 44 228 528 453 820 577 794 966 701 203 137 695 669 880 637 926 600 896 686 932 30 25 372 369 536 680 119 602 743 137 849
34 917 935 66 853 672 403 18 444 866 629 599 571 393 867 642 173 259 314 19 727 207 461 166 429 863 832 919 135 673 630 307 570 996 289 666 95 329 896 259 684 593 979 415 404 467 100 934 13 901
365 516 390 19 541 248 446 23 10 86 251 56 640 750 647 944 289 54 363 388 568 892 940 124 523 75 43 187 828 745 928 91 413 133 846 402 319 412 14 565 259 656 115 776 740 419 468 235 850 173
127 496 834 321 246 915 981 968 919 839 822 549 826 958 151 546 218 673 573 541 311 656 773 951 201 990 598 743 410 121 156 244 401 399 968 17 229 679 64 652 596 647 879 721 766 806 543 615 468 287
253 299 855 106 454 866 3 6 760 453 787 851 128 664 154 729 510 78 444 846 719 762 86 957 637 403 253 411 476 843 206 819 975 228 945 840 558 401 275 296 662 706 241 358 712 132 890 514 629 849
467 582 517 577 856 189 503 197 966 860 1 439 198 844 896 453 564 687 824 885 183 878 138 25 146 675 306 338 118 5 792 333 264 145 588 638 162 70 705 461 385 891 857 671 211 973 664 242 164 49
75 481 172 789 973 6 483 284 658 531 842 726 971 340 905 358 884 848 286 916 569 812 495 446 646 16 612 624 97 706 724 923 152 266 574 335 582 507 245 648 306 875 449 975 564 46 863 794 373 262
422 795 640 464 68 227 482 464 667 820 507 865 356 691 915 146 291 783 271 381 877 623 410 113 890 169 763 776 198 856 437 704 962 666 892 865 982 883 691 665 628 860 440 77 726 549 822 656 93 124
797 954 165 853 925 927 2 625 421 360 57 360 440 366 892 551 695 436 533 953 7 671 882 659 732 805 972 683 107 242 732 311 738 465 92 278 317 253 257 249 575 506 566 614 672 975 919 467 400 89
648 459 514 441 374 205 384 866 833 625 173 592 422 586 622 512 743 18 310 805 311 182 565 900 200 568 319 171 404 841 268 349 928 313 981 858 130 211 535 347 332 883 239 440 124 892 103 639 277 404
386 664 930 693 252 473 236 756 0 25 148 790 756 172 812 804 396 977 735 936 644 717 735 256 534 47 678 91 538 822 28 728 202 711 302 572 968 687 637 972 645 282 451 462 34 253 886 608 121 255
550 742 819 653 677 504 367 971 663 126 15 91 348 103 311 578 155 205 241 661 265 180 925 541 73 556 125 74 138 304 244 480 250 248 204 189 53 473 248 69 70 783 840 248 326 360 54 954 363 334
404 96 201 278 390 443 690 370 72 239 474 325 435 856 192 777 55 654 444 342 998 352 479 344 971 284 42 961 168 918 491 268 645 210 895 423 806 861 42 97 746 511 667 982 992 594 522 109 123 286
47 465 924 77 850 338 931 655 536 267 652 456 42 886 893 841 712 171 991 169 166 65 166 172 293 305 278 116 844 597 708 357 612 965 57 161 550 680 96 279 207 826 132 216 708 309 91 439 1000 748
410 671 382 354 143 199 295 945 937 141 835 982 914 444 766 70 305 408 176 552 341 92 887 924 889 597 285 422 562 558 246 264 539 705 780 123 66 1000 965 180 167 23 904 636 547 357 137 995 893 412
799 581 753 357 17 60 608 912 68 523 483 881 557 311 50 796 848 376 996 683 970 927 859 856 446 879 799 111 825 968 215 824 971 855 367 539 613 711 337 408 772 835 911 210 301 444 316 157 76 214
68 995 590 51 529 89 885 620 793 781 316 464 190 816 100 795 475 148 783 897 386 107 292 1000 234 781 591 949 716 968 397 33 770 212 863 739 953 799 743 309 693 561 787 543 48 144 90 880 987 221
594 759 254 733 113 274 392 716 22 94 980 187 974 989 322 874 297 923 256 178 581 872 607 996 467 167 496 184 574 791 969 132 919 598 308 269 141 462 703 738 818 167 445 825 724 550 237 445 648 358
514 698 257 725 500 82 968 111 559 109 894 849 745 730 111 371 654 859 914 6 349 609 93 646 447 696 612 173 982 149 643 711 218 576 972 858 157 838 757 453 447 257 376 101 282 202 649 614 730 790
101 972 855 990 167 538 697 523 275 641 940 850 972 595 183 655 273 76 191 949 665 676 247 739 67 224 47 725 651 283 736 989 565 297 612 389 847 60 797 89 105 499 219 770 653 855 326 918 607 554
271 255 631 154 508 131 570 152 948 369 379 887 408 685 71 207 450 325 836 277 282 906 342 294 90 703 863 289 270 390 35 249 744 56 765 900 756 32 327 350 793 467 184 949 411 552 850 663 644 680
575 305 298 147 843 257 99 928 695 302 606 542 402 650 827 814 563 713 720 839 615 826 523 159 370 816 811 940 466 490 652 49 901 246 52 344 117 55 308 744 85 369 662 179 749 762 894 232 773 629
793 518 588 255 126 136 774 584 136 313 754 263 400 156 588 599 210 857 393 767 747 361 363 858 678 266 662 544 662 933 189 274 917 431 110 21 145 727 321 550 222 533 801 937 316 90 774 199 582 203
700 236 6 391 74 683 996 644 720 544 587 745 468 534 230 349 383 644 687 841 375 639 553 238 889 995 67 233 562 226 748 628 759 558 195 893 135 273 352 377 505 605 957 778 728 452 446 450 965 729
647 451 123 108 463 508 500 121 914 763 479 921 27 487 853 713 650 10 329 327 767 533 252 549 966 948 328 651 355 608 158 119 273 988 917 718 463 917 439 704 715 557 147 149 34 79 935 349 665 929
291 396 499 686 559 662 772 518 120 467 626 202 934 681 81 353 69 90 723 757 441 246 866 388 42 199 291 967 62 994 810 103 760 49 831 702 421 732 512 186 973 28 473 363 372 483 267 559 716 32
977 390 665 115 881 512 213 305 332 399 660 536 506 87 527 564 117 627 690 907 170 82 553 56 927 776 125 75 56 17 559 196 562 865 497 558 170 436 320 111 728 829 166 12 599 103 452 264 315 149
555 714 134 387 525 228 980 758 561 999 180 711 909 598 137 517 634 85 316 191 0 472 731 629 470 13 888 764 591 339 591 634 211 490 972 967 659 728 210 741 171 350 96 358 73 311 485 991 478 447
848 594 348 713 512 458 46 509 820 399 614 618 537 630 911 890 680 864 479 823 469 906 492 191 549 961 53 983 988 866 742 996 228 859 507 489 788 820 989 192 888 133 612 632 830 880 388 95 435 579
200 614 806 537 953 374 632 104 469 37 757 198 674 117 221 2 385 569 98 531 849 904 291 202 531 328 229 360 138 265 686 999 825 903 377 506 211 409 423 828 635 440 96 628 249 892 237 716 733 574
245 68 470 402 375 470 161 117 591 505 294 911 6 163 140 64 246 292 988 717 696 810 119 127 145 406 43 643 257 281 230 82 614 494 438 722 928 618 320 902 95 732 915 956 918 819 793 992 900 87
916 482 845 574 98 295 904 211 208 64 43 205 825 508 196 474 477 506 50 21 569 15 704 829 335 151 470 540 87 309 646 223 472 717 778 560 67 781 488 252 901 889 925 752 108 615 283 354 447 543
819 829 966 582 777 503 173 964 496 951 236 89 108 660 535 83 518 110 815 674 876 795 184 739 115 580 648 227 290 721 59 52 466 303 503 742 922 596 140 271 181 383 994 353 438 610 182 698 851 829
602 666 606 354 17 44 570 420 305 747 359 103 38 201 534 437 982 292 929 7 898 314 743 742 730 638 408 269 601 395 522 511 37 429 595 734 801 116 593 784 297 445 391 752 334 835 396 939 871 760
28 258 187 321 933 233 687 226 93 793 270 19 917 243 487 179 881 19 572 645 561 914 984 618 735 255 375 605 121 767 405 711 449 287 204 710 695 890 977 84 768 779 748 784 454 40 88 372 701 98
631 167 779 361 891 455 482 568 294 641 62 270 621 947 255 812 671 104 436 423 45 571 955 130 924 963 290 886 79 944 613 731 515 74 920 945 776 202 138 913 698 666 363 50 567 888 660 760 897 5
156 362 302 735 777 228 102 318 947 17 760 577 719 691 784 158 255 952 444 160 311 257 577 450 801 13 151 907 221 33 525 950 779 938 738 910 225 935 22 662 595 881 519 988 705 274 405 242 587 676
226 199 338 696 33 533 850 374 734 753 395 980 413 186 204 568 560 915 589 897 995 846 325 254 500 422 68 173 110 235 582 751 515 192 631 258 952 271 244 419 695 69 402 112 667 865 411 316 534 162
902 279 63 108 931 475 167 147 734 804 358 878 932 525 513 713 347 740 66 299 331 693 861 585 862 251 498 345 642 352 572 725 809 955 332 533 787 118 31 562 482 819 260 225 421 392 172 342 155 962
886 253 545 935 568 599 724 178 75 750 276 349 50 494 597 228 834 607 337 651 912 718 440 672 888 204 834 72 515 464 963 653 940 838 377 961 886 28 206 13 582 995 781 510 571 602 266 318 641 881
125 714 207 353 113 731 837 451 666 914 114 226 955 108 510 62 665 673 649 546 680 251 283 917 36 510 429 499 441 228 576 131 648 405 664 874 386 276 638 950 883 996 908 375 81 543 136 340 52 468
19 24 109 559 191 287 946 304 417 157 496 682 805 423 406 785 853 445 457 989 959 590 818 646 245 32 879 293 951 203 96 58 4 363 216 354 261 231 598 108 585 291 710 177 804 608 525 565 571 259
132 156 81 859 176 691 756 949 820 990 104 133 858 152 408 882 631 872 419 153 760 554 566 778 864 79 421 554 627 892 400 511 14 237 852 426 381 654 443 975 505 784 230 81 460 908 707 983 789 120
235 786 716 669 680 152 95 485 490 506 405 846 552 996 295 806 46 787 557 124 47 63 184 437 728 433 691 721 118 198 255 956 544 371 870 556 682 714 430 383 749 710 874 366 573 183 441 324 445 689
755 894 469 953 493 351 642 526 523 468 485 857 813 895 486 410 5 293 173 553 893 979 422 173 156 208 708 831 727 877 479 830 443 207 109 584 86 932 12 494 74 913 805 972 366 740 791 739 807 699
389 270 903 231 447 430 530 271 527 62 887 406 939 247 731 370 522 376 746 351 399 282 826 870 91 138 686 946 872 772 224 934 989 908 622 258 87 733 490 710 707 541 860 697 723 278 668 352 484 106
263 201 367 223 469 663 855 694 910 904 314 53 680 834 867 980 195 951 960 511 981 80 766 665 929 583 797 338 991 817 856 959 866 316 82 309 626 812 930 696 108 819 798 273 846 776 184 97 458 697
767 862 570 789 478 312 474 225 256 707 785 237 650 850 728 314 991 410 582 389 959 977 560 567 68 389 841 606 361 322 848 702 931 923 719 779 139 412 2 134 752 49 312 891 658 348 655 516 176 400
370 789 891 34 986 818 696 328 780 260 888 999 27 20 668 189 153 167 707 822 12 134 989 176 620 738 333 628 17 830 74 612 682 825 150 195 334 265 92 870 10 260 775 239 888 714 835 293 8 614
210 839 589 574 181 131 196 164 993 214 115 162 189 773 518 592 996 53 110 909 327 197 271 770 465 337 987 83 86 144 581 27 395 48 356 689 516 252 107 618 691 453 77 249 949 624 490 753 144 308
965 406 862 674 794 991 206 341 218 684 439 875 185 730 317 275 129 995 268 81 516 72 636 961 283 305 179 142 501 48 107 954 363 398 830 728 195 193 89 681 942 267 628 144 93 638 391 146 203 427
615 51 95 608 693 511 596 853 259 878 659 283 272 791 283 611 36 705 516 903 583 510 402 94 392 300 228 128 345 437 320 567 827 440 664 220 805 744 581 191 823 252 143 105 643 973 262 94 961 176
88 456 199 834 874 505 82 515 169 807 116 508 698 335 226 333 157 551 804 732 884 244 376 970 521 914 242 591 387 127 172 815 784 440 329 554 890 521 488 977 649 846 908 987 394 408 564 937 529 311
778 576 730 733 663 287 521 682 109 266 675 571 176 968 819 750 972 99 882 167 532 808 975 218 797 197 884 201 867 447 35 514 117 178 955 380 718 80 934 54 819 746 204 880 594 625 319 717 812 354
517 394 817 452 31 961 147 89 833 962 786 214 177 963 532 834 165 176 710 531 889 36 455 815 859 378 853 568 553 81 271 636 916 555 175 583 9 749 197 251 712 315 604 770 944 684 862 540 638 639
937 689 407 111 243 616 82 782 230 119 480 777 261 437 503 253 55 895 702 181 279 616 29 833 252 112 266 230 22 925 26 450 271 786 869 590 538 205 945 947 134 213 422 67 488 931 837 154 904 92
741 147 339 267 524 205 287 557 76 548 681 768 813 759 583 397 475 358 201 495 954 123 455 486 291 66 298 143 755 981 264 909 444 942 751 251 617 753 151 970 159 974 355 99 709 904 235 203 606 374
688 84 659 621 255 931 816 617 536 235 575 887 834 633 677 7 874 269 184 61 306 846 835 298 631 943 51 94 5 916 893 763 893 850 510 295 774 717 780 189 382 817 293 335 442 187 12 575 38 256
143 947 301 954 623 782 757 306 832 141 386 992 15 783 635 300 222 306 456 595 941 423 330 859 650 139 133 341 714 321 979 10 350 429 495 228 755 106 927 644 810 126 717 893 124 23 82 519 715 397
980 71 81 210 946 539 167 616 781 318 252 919 516 353 413 345 174 248 467 62 284 43 248 149 999 939 99 176 654 705 501 392 998 709 26 167 329 425 401 409 282 777 626 272 140 807 28 642 932 453
933 9 616 293 306 280 511 602 190 184 782 880 548 73 806 966 356 75 445 41 587 392 737 284 840 673 555 662 640 350 343 794 392 334 197 288 93 782 628 900 440 517 178 404 679 81 124 751 491 8
441 298 936 505 224 286 178 561 327 753 201 345 227 193 110 467 47 258 937 432 812 75 433 257 0 9 864 438 592 162 915 147 884 426 970 233 972 157 839 740 980 462 731 608 983 947 568 876 763 311
112 533 978 783 839 417 718 738 711 632 898 369 638 596 461 774 451 368 502 679 845 90 469 609 891 124 128 61 466 407 699 139 590 197 739 68 908 976 807 964 393 873 576 911 19 306 946 292 107 550
909 144 521 135 949 856 258 597 864 756 665 234 125 870 777 300 102 917 233 492 824 863 473 313 35 70 116 688 560 488 310 288 937 796 964 807 695 812 626 399 290 408 719 518 735 817 607 738 661 906
553 464 816 256 614 616 567 30 41 377 256 851 682 812 107 439 245 373 317 845 527 537 500 941 279 140 493 635 996 215 797 670 189 299 78 994 973 935 420 326 30 538 279 497 953 47 212 577 576 831
671 54 721 279 942 350 959 473 884 202 974 392 515 897 71 676 210 546 892 908 790 830 44 517 838 987 855 734 179 383 44 726 885 594 45 591 750 135 474 526 610 366 860 879 554 795 176 914 620 997
802 115 935 924 423 594 311 647 373 73 241 376 228 172 208 211 944 820 17 450 331 346 110 908 5 483 119 138 510 31 600 397 201 41 738 520 573 202 534 502 568 428 327 398 377 526 498 42 455 245
359 486 165 806 954 775 159 797 116 432 826 891 332 264 324 111 868 999 965 390 27 396 538 940 275 569 10 436 767 417 701 768 658 718 550 727 543 524 647 520 54 264 118 359 655 598 87 745 306 708
300 106 451 88 709 272 42 711 625 742 325 824 206 116 765 438 695 670 672 221 179 556 639 964 331 362 366 724 232 730 172 591 70 812 327 268 872 396 521 941 824 839 721 563 191 658 396 317 378 247
629 639 545 490 957 659 386 713 372 824 341 686 423 881 318 403 370 177 848 480 243 674 350 644 954 722 959 984 449 811 518 243 619 894 344 315 339 728 747 558 860 403 520 616 526 93 128 521 164 123
809 2 701 645 645 909 348 389 376 619 979 253 249 698 837 807 483 643 931 672 643 896 46 27 453 573 740 697 699 653 664 241 247 331 290 157 402 658 69 87 304 701 136 524 656 639 335 281 991 471
159 444 263 389 701 717 30 994 540 962 570 999 867 715 426 465 26 387 77 576 546 120 28 429 901 568 578 644 564 393 606 158 750 776 361 409 922 604 859 841 418 830 232 899 990 144 133 860 845 610
851 771 844 811 21 826 698 43 53 136 638 249 496 547 968 634 993 138 452 120 586 268 569 921 954 76 572 651 340 155 54 862 366 464 955 429 708 521 346 976 298 610 208 213 846 711 93 612 350 214
124 248 333 929 416 59 405 110 246 985 396 978 168 470 622 207 835 99 897 353 931 518 31 247 765 972 68 530 408 91 805 296 63 171 281 176 383 17 762 62 303 796 539 434 156 916 691 430 592 23
295 761 309 659 564 877 847 889 766 227 468 930 553 405 472 674 273 617 937 374 239 87 245 446 793 818 198 178 417 882 157 90 418 489 587 713 276 520 461 666 502 780 210 504 999 242 588 943 48 208
135 386 539 779 683 532 854 671 298 68 397 532 530 29 602 292 818 673 265 79 835 163 874 48 24 754 864 401 756 324 280 251 951 267 554 65 619 178 933 699 605 785 350 624 585 180 745 815 609 483
89 118 183 430 780 620 755 43 872 935 330 452 344 373 284 702 268 744 931 525 335 435 76 697 195 421 708 136 756 515 151 680 292 988 954 777 346 14 975 393 901 861 428 426 740 232 479 675 597 338
723 24 470 961 502 388 63 164 55 123 213 778 484 482 653 885 832 974 870 216 181 987 946 594 737 410 399 515 556 807 547 400 66 284 541 320 668 144 87 323 46 27 815 247 679 894 969 875 851 498
515 107 569 487 993 914 719 875 294 718 685 937 11 167 874 937 620 99 428 386 471 806 722 230 734 36 874 454 853 489 858 928 47 166 235 23 62 521 335 320 287 890 189 19 531 354 980 374 431 534
925 838 173 921 696 828 625 167 576 549 694 441 668 750 112 584 749 413 232 298 238 370 507 266 139 436 316 828 577 143 504 988 338 289 956 518 104 781 436 567 207 695 287 26 940 394 333 17 0 421
68 492 852 613 514 307 550 118 464 550 222 478 723 51 61 648 283 564 637 595 615 924 385 210 632 799 472 313 960 969 799 145 957 356 882 187 621 416 774 527 897 10 244 528 449 799 332 335 685 592
278 944 295 84 51 568 303 750 238 1 21 306 963 328 121 185 139 196 409 643 880 203 532 233 796 423 134 624 299 381 425 72 609 12 815 953 129 807 76 796 247 540 977 398 468 751 505 938 699 653
587 232 17 552 671 161 555 75 598 832 550 339 244 184 573 742 396 30 90 741 985 163 370 946 576 216 824 98 118 342 645 404 288 622 827 66 323 452 949 623 562 336 849 137 714 798 81 123 816 898
241 728 137 156 407 647 788 937 102 711 684 509 172 645 814 751 631 64 195 752 622 674 301 685 602 328 884 59 786 650 207 228 817 880 16 124 178 750 381 924 336 571 175 845 350 166 328 448 689 222
649 113 269 182 74 364 458 537 842 29 49 998 632 796 538 726 867 833 279 532 362 961 211 728 369 223 122 291 370 193 175 575 257 754 339 919 472 765 532 420 298 387 981 474 828 590 432 876 737 856
25 138 596 811 797 432 699 561 78 533 762 713 708 731 261 427 797 475 429 533 659 498 858 124 445 351 942 153 242 187 104 308 2 602 21 367 639 309 43 386 294 25 579 565 991 525 580 116 858 836
242 541 136 300 336 471 904 869 595 529 770 348 898 400 899 112 994 601 861 979 610 484 33 452 593 385 850 848 560 157 474 95 517 496 701 104 704 274 243 4 405 704 665 332 136 602 306 147 387 7
284 151 767 720 950 861 990 588 469 362 431 408 175 836 878 252 525 563 630 455 865 272 432 531 50 632 627 825 65 387 597 250 438 306 85 877 913 767 217 776 323 796 772 879 356 583 194 102 121 834
568 424 271 706 568 935 814 575 687 199 100 629 639 350 439 253 89 7 546 391 961 632 481 965 142 471 267 51 82 320 939 690 198 299 56 449 802 8 21 267 333 567 482 182 965 921 203 51 810 608
861 835 82 966 679 355 918 758 921 568 75 120 188 713 687 315 551 63 388 569 279 664 264 505 786 299 962 188 330 272 633 541 285 16 179 372 642 200 785 434 719 105 350 145 384 18 647 640 118 742
438 31 593 845 1000 749 140 725 14 956 866 429 575 14 546 743 896 940 405 432 447 669 729 920 569 682 206 221 293 573 497 160 47 711 522 427 307 777 676 891 831 941 539 61 524 185 527 76 57 766
335 141 628 866 580 905 498 537 810 964 187 696 114 834 773 766 40 258 549 294 483 229 44 295 454 739 703 822 7 74 811 116 766 846 392 728 159 758 642 517 200 855 705 152 247 160 479 194 755 152
275 519 25 117 717 55 798 196 663 251 329 811 897 486 627 900 402 210 116 638 333 535 388 243 811 172 725 37 632 911 9 899 757 503 900 816 818 845 629 240 137 991 840 125 614 948 800 127 149 123
777 469 626 195 839 962 762 954 88 886 148 678 724 847 351 643 6 461 90 95 280 806 800 371 792 56 850 199 399 922 598 524 14 891 111 845 449 563 402 304 48 849 419 882 911 131 198 775 611 667
143 13 338 738 377 622 213 479 985 482 638 453 257 76 117 639 706 855 475 549 453 219 37 250 461 722 726 185 927 647 836 196 900 325 196 545 272 431 503 290 610 399 273 924 602 520 741 746 850 970
269 912 629 808 783 468 913 707 681 755 67 57 958 653 861 955 348 59 416 511 807 140 39 487 439 81 204 530 728 482 987 197 689 55 983 108 680 785 733 589 281 416 588 370 307 234 706 812 43 813
328 514 763 816 522 520 280 121 739 764 911 703 40 145 319 268 617 744 159 175 526 878 907 613 611 312 280 481 376 46 775 424 163 870 84 450 17 597 951 657 955 38 490 189 98 129 782 502 281 163
400 251 757 600 900 996 857 707 569 838 168 386 914 645 126 244 705 403 86 851 802 601 160 294 223 217 552 126 495 655 319 852 257 817 893 956 603 926 120 52 789 537 305 295 252 430 438 195 844 278
12 60 475 777 183 64 556 144 143 933 747 133 790 179 61 660 9 762 470 925 613 571 454 175 876 930 754 262 629 722 640 737 727 293 233 675 423 856 465 86 928 47 173 958 779 531 326 858 933 148
41 31 955 349 121 713 960 444 55 88 984 431 63 34 637 240 372 802 343 273 53 759 753 626 654 987 388 499 50 116 946 654 916 633 39 321 53 527 320 150 852 105 172 891 211 933 306 883 380 779
115 321 508 519 339 33 283 747 99 644 681 954 828 116 877 817 355 471 902 480 887 802 33 237 709 854 966 71 693 398 699 566 583 827 390 549 311 157 691 910 206 503 641 378 935 349 958 577 638 799
786 41 330 683 84 38 936 210 235 117 330 985 998 900 175 55 516 330 996 330 968 391 87 286 715 863 454 912 708 843 735 613 966 584 92 476 141 953 253 961 279 64 511 73 810 855 211 539 767 695
412 656 318 375 545 36 832 320 487 935 95 818 950 151 326 430 104 676 162 809 830 673 590 279 999 192 954 292 501 430 807 223 525 543 660 834 310 93 932 678 313 431 61 710 120 997 172 259 944 680
102 548 675 385 740 324 805 990 10 514 592 537 532 970 85 802 627 491 631 90 694 793 437 93 170 308 488 276 318 930 614 160 589 992 235 51 157 291 939 584 13 482 662 21 743 278 22 33 428 689
54 39 812 627 395 697 857 571 220 854 758 58 69 764 12 105 901 186 592 220 23 437 989 936 425 151 616 498 476 53 962 548 256 622 4 483 755 658 162 641 655 963 803 900 711 988 418 66 1000 4
566 502 921 837 211 579 645 200 213 306 623 497 67 471 673 601 431 342 959 412 742 475 251 988 66 531 309 601 313 613 58 196 444 812 742 14 86 632 932 560 252 332 517 426 683 237 849 780 744 174
528 686 292 313 753 347 170 731 859 181 738 927 856 252 348 197 167 551 632 943 324 740 865 600 410 81 25 910 182 169 108 880 670 227 636 423 493 351 173 345 313 813 44 210 490 33 83 360 650 86
991 43 745 1 596 889 531 42 85 977 761 773 691 44 867 543 848 65 725 154 61 224 74 365 564 139 198 18 75 540 87 431 839 654 760 42 869 731 604 86 250 590 62 894 306 889 582 586 479 657
964 129 912 630 578 565 448 512 959 450 203 290 413 458 430 989 823 560 515 672 805 447 291 666 51 211 683 175 818 370 857 516 192 776 657 22 805 763 413 471 681 602 682 621 37 758 332 930 421 54
205 307 830 409 517 139 139 891 13 257 652 62 298 581 23 31 380 635 30 108 240 354 890 154 690 616 746 992 437 147 74 631 158 37 348 58 790 632 621 457 1 739 106 200 466 437 559 503 483 255
34 354 387 97 47 893 820 557 829 692 102 35 367 533 562 404 321 643 722 877 507 920 840 225 831 0 812 229 546 366 116 538 108 507 868 332 157 294 880 149 674 642 395 761 811 743 999 718 570 557
36 64 142 901 791 377 646 673 127 257 250 945 755 888 668 51 159 267 707 825 67 301 983 439 602 917 470 853 2 261 777 47 12 9 898 517 650 820 25 106 858 335 968 555 152 344 367 687 233 218
940 869 842 723 822 477 85 768 96 511 864 250 89 226 284 142 469 273 331 613 332 900 871 22 727 989 751 478 163 477 396 36 867 554 96 283 308 47 899 851 702 763 311 633 925 919 524 125 208 452
815 428 697 733 821 199 181 664 709 729 880 972 601 67 946 743 197 309 120 324 717 991 237 853 114 789 236 464 37 829 846 560 384 184 542 22 88 127 128 553 189 799 320 200 912 812 225 559 597 319
58 484 210 41 429 428 204 435 861 854 58 701 179 91 427 279 310 358 265 216 770 620 313 999 351 578 963 872 682 615 664 481 610 822 285 752 196 382 981 700 596 203 392 59 672 613 859 988 900 683
945 380 895 349 59 667 847 85 706 340 308 544 725 897 798 779 459 199 900 71 748 231 377 735 940 778 285 372 898 579 871 97 129 441 512 499 186 471 110 874 454 331 501 962 975 503 670 252 709 992
53 752 365 770 353 81 600 378 913 46 535 626 712 162 978 355 45 319 424 190 806 773 623 588 660 791 147 129 987 675 563 404 24 345 820 149 710 432 612 77 94 312 449 836 162 154 805 610 707 112
238 733 637 887 815 449 369 73 906 411 864 75 689 76 833 487 203 133 153 233 11 909 503 609 553 927 868 489 557 623 823 301 988 840 337 289 870 175 303 709 611 636 593 607 606 424 132 987 308 122
989 829 324 537 838 55 30 80 478 558 10 568 55 145 770 783 677 660 736 432 895 725 325 739 895 154 38 265 584 517 811 996 524 571 309 988 716 360 719 498 802 809 700 56 350 369 790 791 421 565
681 893 380 647 865 13 252 680 113 213 687 860 646 968 520 491 5 752 714 33 397 263 556 479 888 818 330 641 574 977 32 947 92 23 986 837 268 953 144 265 253 402 328 701 982 773 591 373 348 145
124 297 812 21 822 890 609 48 774 602 615 940 221 72 436 401 650 723 345 598 416 43 701 146 761 274 947 241 426 307 558 848 400 295 639 398 351 45 128 34 64 69 248 634 326 260 754 824 71 307
133 965 984 320 490 871 789 51 161 256 235 928 891 706 210 794 693 1000 462 518 576 406 791 749 517 818 335 850 752 386 957 159 928 970 92 314 637 784 401 454 563 880 842 743 32 771 634 619 500 829
127 862 303 548 962 188 785 940 219 233 889 895 705 500 88 901 864 700 646 277 257 836 810 890 980 423 385 328 768 599 795 924 668 135 127 863 450 280 330 984 161 786 789 693 378 119 649 160 778 859
92 575 706 553 49 902 793 449 380 212 463 799 492 104 332 440 841 316 591 553 680 949 633 341 335 851 714 54 418 152 250 419 328 927 990 383 310 737 188 733 496 840 396 307 970 433 226 613 288 952
535 722 346 695 58 233 808 508 673 428 340 335 996 180 184 694 53 532 324 170 816 274 630 798 22 987 473 444 673 801 214 53 723 578 611 228 676 259 721 830 879 454 56 213 268 468 575 966 47 565
864 285 424 434 83 360 80 725 422 786 798 844 761 566 608 184 797 296 572 859 630 452 150 75 937 320 190 751 51 520 460 103 689 113 57 238 560 913 988 988 741 84 34 765 539 350 906 113 122 633
588 0 297 761 230 713 264 342 951 108 198 585 783 769 67 776 552 546 649 25 298 728 480 288 268 291 585 45 278 192 81 336 577 544 369 848 573 774 33 663 16 217 217 733 444 670 574 133 302 712
527 839 778 759 780 183 551 173 275 922 834 459 510 587 66 516 696 19 680 11 672 784 556 159 260 447 163 178 926 935 215 228 272 7 120 376 120 858 686 711 272 854 287 539 15 773 699 4 963 671
816 905 762 539 790 547 953 821 51 944 905 793 440 929 162 926 593 591 814 682 272 990 173 481 654 542 394 602 83 188 913 474 247 119 97 966 975 726 558 555 135 283 670 600 31 251 526 200 948 930
793 569 959 937 21 827 850 581 476 748 324 285 725 920 986 637 840 23 166 547 409 291 93 938 840 537 921 780 211 68 819 877 185 916 147 823 511 991 410 883 269 803 826 52 259 587 36 458 556 592
171 604 752 412 131 964 235 264 758 484 325 611 113 168 8 839 197 476 246 510 159 732 896 750 359 187 32 634 839 837 544 474 996 113 844 816 54 897 899 125 915 650 230 146 663 490 681 631 63 360
66 661 26 83 502 919 224 671 640 297 333 817 606 947 834 769 692 531 933 490 683 74 960 553 676 808 803 686 395 596 264 616 571 9 294 521 773 35 651 453 887 45 167 818 465 692 233 669 750 547
757 142 390 522 762 724 900 324 932 900 658 972 494 922 350 15 22 831 148 723 334 256 683 230 899 927 457 68 205 717 339 338 666 705 175 469 653 709 329 329 760 805 725 66 899 917 891 254 940 889
970 978 406 161 663 480 203 814 358 746 478 223 945 414 450 302 803 425 461 942 822 694 154 488 420 792 395 16 480 490 486 851 885 466 194 983 408 978 667 715 655 588 940 743 405 4 981 463 162 194
588 21 571 10 839 917 382 275 379 38 590 553 120 327 557 371 548 759 558 343 565 782 81 962 852 61 357 671 345 698 679 36 862 437 233 477 731 654 678 476 789 930 121 852 520 551 88 974 965 231
740 223 211 224 755 311 85 905 310 203 965 685 170 724 284 590 729 109 14 159 476 553 908 469 924 903 557 616 648 447 93 951 833 136 429 534 384 726 214 281 6 144 8 506 523 871 203 712 787 209
712 342 478 823 326 941 125 235 969 41 496 332 374 777 937 813 239 690 869 612 733 74 471 735 409 360 421 290 923 765 175 846 585 598 47 499 673 221 443 772 272 383 477 556 438 889 195 878 621 391
479 549 71 260 476 276 681 427 611 856 525 914 824 314 571 515 220 268 381 638 347 285 118 544 14 582 299 441 854 858 728 568 400 383 689 350 477 968 917 602 743 869 888 261 723 996 562 351 464 189
750 351 337 782 553 968 965 867 947 344 844 441 937 922 254 311 3 934 212 675 411 525 659 542 663 808 876 409 994 932 962 279 836 12 24 776 699 295 36 473 699 847 896 217 390 188 329 251 716 426
789 597 762 897 395 413 266 749 297 968 1 524 943 733 549 720 187 114 911 413 65 451 449 874 511 448 18 54 620 817 49 325 795 535 505 138 291 19 913 645 707 679 136 473 831 188 983 268 326 914
336 827 350 111 31 93 402 171 984 14 19 233 340 119 992 178 700 738 522 424 155 933 410 94 127 206 917 548 597 14 890 846 736 676 784 501 722 420 412 249 226 522 990 615 914 979 328 238 115 705
214 380 583 505 905 787 458 809 763 504 1 297 675 26 534 671 794 852 655 19 382 366 827 302 208 268 781 732 136 493 883 400 193 359 689 669 762 513 813 169 145 934 835 686 69 863 374 263 654 16
900 875 803 116 694 489 95 231 596 602 929 246 93 911 155 223 901 60 216 251 227 636 494 551 944 731 488 210 647 688 469 89 77 474 270 842 311 33 938 273 592 724 514 49 195 333 972 654 225 244
216 867 407 981 781 912 458 547 977 822 750 606 35 318 504 926 231 31 5 895 898 826 915 246 147 252 702 619 743 744 590 677 538 916 893 617 250 127 674 495 216 732 723 563 263 110 507 301 682 932
780 566 78 657 342 805 452 16 836 360 337 700 520 595 220 66 213 715 563 186 450 772 321 698 234 481 353 722 792 224 913 669 202 953 404 850 24 802 579 287 775 777 381 653 131 830 91 863 684 852
679 516 678 264 251 368 642 352 770 952 206 536 260 991 661 696 599 340 952 714 809 188 51 334 361 319 900 407 761 982 752 537 977 754 484 341 326 49 177 947 857 458 426 975 929 628 378 628 342 877
273 86 788 229 618 360 777 70 318 905 996 608 140 598 63 316 603 977 703 15 136 806 106 21 76 767 717 777 109 747 172 579 249 467 297 741 189 85 74 510 193 101 637 249 236 818 181 75 332 258
304 144 38 796 314 887 113 266 828 911 454 511 423 257 194 429 88 654 18 1000 885 303 117 747 571 6 903 211 685 34 954 977 497 590 103 437 998 937 667 769 318 794 804 332 622 652 496 367 873 603
241 348 120 21 843 78 238 113 937 550 83 560 796 202 500 312 954 499 737 81 816 341 124 151 564 120 405 138 577 520 512 513 379 22 385 282 866 546 705 364 430 759 784 636 381 716 913 63 522 277
968 752 943 425 370 704 939 445 756 153 400 653 819 279 51 488 862 566 508 245 419 219 516 520 123 604 22 821 569 978 338 976 926 570 298 641 726 284 46 271 949 165 240 49 420 554 49 328 88 854
989 530 800 659 557 657 326 14 651 825 770 86 476 584 87 265 118 291 263 864 676 687 308 664 662 510 802 273 513 365 818 315 947 649 801 324 893 707 366 529 625 728 444 331 91 249 179 92 204 834
155 6 949 360 41 668 605 622 506 693 290 706 561 805 906 985 748 763 968 614 452 505 242 174 777 570 989 656 741 357 721 36 814 633 465 680 591 795 202 864 515 826 969 982 258 474 288 325 54 891
443 707 510 598 509 791 386 592 420 251 220 674 359 310 308 801 213 928 436 38 434 348 109 123 783 303 453 732 135 370 519 920 329 681 160 483 850 640 827 96 218 160 793 540 129 27 394 459 731 903
836 548 971 873 966 787 548 583 618 428 223 542 441 847 346 201 295 245 906 777 544 786 350 855 6 511 870 550 979 944 378 205 134 26 995 283 764 193 692 748 738 208 956 735 852 26 786 449 609 209
261 715 578 956 374 959 701 847 140 498 809 576 190 213 337 200 931 884 97 964 725 668 259 214 178 455 281 540 762 107 428 398 816 460 208 146 454 342 316 283 487 364 771 959 58 562 629 523 645 917
466 505 865 577 41 806 577 693 769 111 922 632 317 908 36 323 570 537 748 381 905 453 693 82 898 636 694 99 418 516 39 802 250 610 142 972 257 917 637 266 711 849 53 34 515 814 90 551 318 710
20 942 467 725 221 596 772 328 835 712 961 338 126 555 837 758 651 437 3 773 879 336 23 11 919 154 920 246 837 311 694 676 916 340 861 698 579 870 718 351 863 245 566 290 326 481 426 183 412 928
82 679 725 405 960 404 521 95 612 761 87 562 301 548 302 115 796 904 724 240 406 27 701 931 212 909 313 617 590 977 878 780 160 898 464 103 771 35 526 821 736 125 275 493 485 97 844 507 969 479
238 799 859 744 873 166 701 763 480 261 505 915 398 712 66 764 884 845 128 483 500 326 109 308 394 397 955 22 496 287 254 499 577 300 367 310 967 114 125 478 487 750 849 32 899 524 950 744 483 325
873 821 423 99 393 933 262 329 470 488 434 586 793 932 639 254 832 225 590 461 888 363 290 597 27 266 701 293 327 128 898 646 112 15 616 800 909 39 542 785 106 6 812 800 359 667 254 502 849 259
532 654 692 266 265 86 415 36 595 794 753 751 569 517 718 428 210 666 787 638 437 282 982 109 560 749 733 801 647 210 465 744 802 283 372 36 276 178 894 337 586 456 437 254 454 51 833 647 610 789
513 389 375 890 424 292 304 556 792 126 807 864 4 639 203 663 37 437 808 509 630 203 237 487 332 737 776 244 813 250 840 763 477 939 756 910 209 274 388 394 920 734 244 240 369 849 926 606 794 75
870 196 855 38 1 557 794 572 863 609 145 554 536 967 913 289 22 47 311 368 343 929 140 248 369 998 333 25 670 926 367 284 6 749 458 393 934 972 602 485 707 624 336 528 833 91 884 696 103 176
467 278 168 445 366 492 681 580 227 690 786 552 296 799 443 680 174 714 940 57 490 254 587 505 614 990 896 904 65 540 11 533 169 190 95 343 107 659 221 476 9 567 413 594 792 43 581 881 451 69
517 411 360 759 723 321 29 679 428 692 134 76 426 998 678 641 218 262 960 455 840 75 924 929 34 585 775 217 589 888 744 463 37 717 580 139 602 646 308 404 140 352 667 795 304 290 325 636 691 919
591 376 766 43 5 673 937 815 989 964 328 540 149 848 188 667 633 136 76 408 406 854 150 869 565 850 166 48 317 938 766 618 609 692 443 507 674 381 247 232 34 415 212 927 74 619 536 916 61 126
727 456 194 272 139 697 679 822 80 657 87 719 287 86 480 580 244 377 325 253 851 478 603 102 643 371 306 325 106 164 29 418 908 943 170 924 783 911 47 261 725 983 5 777 1000 206 91 485 224 71
249 221 257 211 3 636 222 579 663 926 761 510 347 446 452 837 999 358 619 911 782 553 823 722 45 426 806 610 225 55 242 850 353 565 15 43 755 795 665 274 340 487 171 864 907 503 167 550 243 961
698 619 602 794 714 22 988 97 21 650 387 449 878 81 199 803 809 811 261 657 878 67 461 456 796 36 369 623 463 778 750 884 247 193 196 454 509 762 373 296 937 279 737 416 866 399 57 566 585 250
229 387 310 276 357 490 375 893 97 687 899 340 171 42 867 702 527 854 662 409 247 939 856 653 485 798 251 484 610 436 206 420 752 381 370 585 499 10 587 663 418 804 508 282 218 632 617 706 446 157
608 684 219 684 812 173 172 36 927 106 998 195 219 559 441 125 860 531 789 3 119 859 139 404 2 154 750 433 312 706 313 100 631 928 389 458 89 696 642 626 958 640 106 924 996 935 827 30 86 113
263 676 963 297 128 17 578 884 967 249 630 236 536 566 764 392 891 891 634 876 685 495 512 956 937 520 687 362 797 422 241 413 61 59 568 406 976 277 471 729 837 460 725 138 123 353 104 194 546 970
64 173 65 356 519 155 838 80 292 726 188 524 13 882 344 252 744 4 842 346 283 337 3 898 3 639 508 39 300 137 516 902 750 594 845 103 280 408 572 13 560 110 12 368 702 82 814 160 925 500
737 228 40 874 23 365 310 833 153 978 36 124 132 552 3 474 678 661 288 595 35 555 412 930 459 510 833 344 302 793 482 428 480 328 291 991 958 827 793 754 915 627 133 33 165 182 563 963 464 309
370 721 147 497 369 91 624 597 375 110 1000 203 356 227 235 359 40 954 917 258 843 163 503 659 903 490 751 123 238 653 531 988 70 311 806 591 195 344 967 397 861 807 518 508 169 667 195 831 795 336
55 233 256 706 865 198 831 679 501 356 159 583 84 815 991 811 3 113 108 978 857 928 866 269 344 919 339 676 347 914 129 851 447 886 377 901 401 904 754 963 472 828 79 246 226 841 458 569 293 536
591 612 18 726 80 660 478 864 497 616 949 714 542 905 529 789 144 417 422 225 985 677 806 521 826 391 976 63 385 939 495 282 814 539 869 629 341 75 88 968 389 750 101 394 406 425 728 129 363 284
443 602 169 173 405 149 287 557 417 749 914 637 1000 799 59 409 451 815 472 755 30 288 566 678 364 70 534 36 211 951 527 268 710 919 124 825 19 232 727 236 313 817 845 705 270 118 494 255 328 993
566 636 359 296 365 395 75 119 904 983 256 360 989 232 89 132 769 251 744 562 23 342 703 118 286 686 944 784 539 684 963 658 964 984 851 277 433 968 711 754 384 939 395 174 687 985 477 667 577 969
334 751 43 220 877 368 985 407 885 385 607 9 117 867 504 858 547 420 649 927 583 847 299 770 353 215 938 278 285 697 910 469 29 355 864 78 816 907 565 510 731 587 942 639 240 413 540 253 282 295
813 61 47 125 643 62 351 639 516 652 952 911 36 695 67 769 398 305 126 862 466 699 263 469 966 360 279 202 541 345 418 372 567 638 126 727 527 814 288 855 417 621 476 83 802 537 556 620 645 699
531 350 927 470 329 938 738 58 996 921 393 705 861 57 533 255 445 248 832 622 879 735 615 503 507 166 435 949 582 575 981 507 341 548 835 821 2 305 627 606 992 840 342 853 590 617 483 839 859 568
12 778 71 530 33 587 812 688 406 201 567 648 875 17 929 307 182 288 730 869 578 783 877 41 177 315 376 318 80 506 52 809 40 367 30 459 285 106 851 962 920 198 383 579 162 896 34 723 842 800
869 503 28 111 829 341 436 617 942 900 723 506 185 421 324 949 169 982 392 984 248 578 114 570 373 454 955 962 262 205 223 486 654 651 841 593 594 728 465 296 815 990 249 706 910 591 562 385 591 827
625 601 232 812 702 940 430 819 672 284 744 678 630 323 923 808 801 953 315 2 844 105 819 422 233 139 487 962 6 704 630 925 996 392 552 133 373 478 23 140 107 724 295 384 885 164 166 920 979 294
180 120 554 698 550 739 675 766 367 256 664 822 209 984 315 966 250 261 698 183 625 416 655 829 346 987 651 142 102 61 595 838 380 532 859 449 912 337 112 826 422 311 198 958 717 491 206 691 140 862
223 584 787 301 690 903 696 528 348 501 930 970 693 968 975 723 775 715 669 141 827 575 314 85 763 238 838 118 881 198 29 1000 739 207 61 780 913 667 318 646 949 570 868 720 145 88 416 165 955 888
313 288 540 604 24 918 502 83 359 119 867 261 221 646 642 121 795 260 19 533 796 456 334 462 616 880 903 435 204 17 276 233 377 2 94 32 736 491 155 515 638 986 355 672 120 238 223 390 648 970
157 726 128 899 490 252 625 529 837 812 770 739 871 80 884 528 435 239 617 644 343 207 585 709 70 48 948 959 944 637 253 530 843 508 129 991 317 589 167 370 334 847 909 804 621 57 215 97 16 929
958 230 766 74 929 392 120 617 323 479 157 334 897 737 550 606 368 727 91 201 714 533 52 136 914 28 276 209 434 171 199 335 169 552 323 53 123 925 562 574 318 197 706 660 803 189 404 89 450 301
817 405 317 637 648 569 285 884 817 196 551 727 665 469 819 565 615 131 712 252 376 823 596 906 444 235 387 961 640 893 320 334 789 934 637 453 456 459 439 378 410 535 690 915 809 791 950 257 59 863
159 988 249 968 235 280 366 306 731 738 69 710 976 882 939 178 204 220 83 81 467 224 795 16 458 21 819 732 62 32 310 889 331 805 818 472 271 572 212 215 996 32 78 668 513 196 215 641 544 548
484 180 222 967 107 254 161 834 867 765 885 330 200 442 714 930 101 946 822 359 351 699 687 941 486 711 662 151 766 843 942 699 452 448 806 15 72 997 239 625 290 130 777 578 548 498 85 317 879 171
865 116 983 548 369 669 615 733 913 680 667 588 759 18 250 725 722 538 448 626 483 392 378 704 79 923 524 303 772 347 471 746 542 216 744 42 275 989 672 845 641 288 639 822 891 917 655 63 445 556
128 378 83 389 752 673 595 332 115 66 329 299 882 543 535 594 132 620 83 63 875 604 764 438 387 956 918 573 760 800 340 526 308 937 111 938 502 265 259 700 234 60 339 175 723 142 915 600 695 927
840 944 347 756 694 149 391 692 925 442 79 233 452 278 781 712 565 128 406 655 132 777 229 786 389 633 664 184 56 923 478 338 130 753 165 33 530 308 680 385 31 617 677 462 119 217 445 455 992 162
602 544 483 454 653 497 530 783 765 935 759 569 951 738 871 248 664 896 385 597 948 823 849 300 939 333 616 433 806 813 661 656 862 698 880 790 697 902 320 341 147 605 576 784 393 64 648 471 549 557
144 181 648 393 243 175 668 349 24 553 305 873 895 678 696 155 937 150 411 828 422 376 513 905 330 19 484 42 70 10 959 827 241 557 285 244 664 391 177 366 134 440 920 871 252 609 281 816 616 54
393 820 912 283 461 193 359 642 503 736 32 766 226 733 522 634 350 788 10 473 296 595 510 323 596 559 186 983 569 363 719 607 555 131 519 536 25 621 339 52 144 825 640 458 882 786 9 60 971 256
474 146 849 560 344 61 146 919 527 746 810 439 720 989 465 370 405 529 747 16 147 217 111 793 922 658 380 265 528 521 794 584 699 88 102 981 879 992 204 193 123 718 766 165 481 808 141 598 68 235
677 188 964 722 37 535 305 645 972 386 780 334 991 997 426 973 431 414 744 82 75 735 441 634 487 245 42 631 811 489 282 836 570 231 788 26 315 308 468 22 905 58 64 239 580 226 121 357 557 135
538 901 514 841 134 268 98 458 906 406 41 494 16 193 247 591 719 916 550 471 797 613 477 229 128 324 231 229 749 431 873 655 260 134 601 643 784 761 264 190 858 166 839 735 433 767 835 632 15 30
775 546 529 888 36 940 470 958 424 681 522 156 418 587 110 941 21 289 753 717 229 989 54 413 647 261 919 457 943 510 842 72 346 897 325 839 579 88 947 203 642 123 216 731 833 607 494 590 824 724
282 478 991 617 195 407 341 735 483 606 301 959 409 674 594 964 542 336 30 264 814 840 244 670 588 486 322 754 185 757 193 520 974 870 175 537 363 343 209 377 809 838 89 157 640 562 716 805 391 206
871 421 63 653 309 747 493 281 632 85 514 930 114 215 595 879 344 276 320 786 516 997 361 231 192 562 957 706 591 387 978 89 443 785 242 103 353 477 86 317 570 684 719 41 114 943 583 234 564 513
827 244 253 303 707 94 456 933 250 664 947 768 231 873 127 668 89 622 314 113 115 953 882 164 208 736 890 671 755 557 553 415 926 174 62 453 67 68 636 311 51 30 659 117 328 180 54 875 43 639
968 292 848 479 628 177 84 589 620 326 798 739 914 136 998 248 872 310 710 561 234 457 708 698 724 485 241 45 313 280 981 508 460 723 720 859 225 478 817 440 197 984 375 995 405 76 694 11 0 367
243 490 876 68 594 716 171 510 835 141 738 918 213 735 251 869 156 831 898 761 633 419 552 862 212 201 667 403 841 889 553 826 649 909 801 330 162 299 637 964 788 135 211 120 238 332 846 539 111 489
745 781 683 204 585 154 235 710 540 0 782 270 338 964 459 492 636 242 359 372 449 317 936 182 274 952 448 590 57 551 201 512 310 941 263 754 995 887 233 878 649 222 686 944 716 597 709 176 33 220
844 697 296 47 16 998 755 185 879 279 805 575 556 648 773 271 256 588 575 961 568 749 168 845 40 507 535 707 834 650 451 737 329 690 285 198 595 843 5 152 619 604 877 2 287 635 949 792 113 21
600 460 65 195 270 782 807 939 839 169 351 992 349 634 889 512 923 317 369 605 19 806 643 820 62 82 596 332 884 632 819 174 153 722 271 540 614 406 896 124 382 455 838 928 17 546 496 919 253 850
610 838 646 281 653 34 578 346 715 354 891 832 534 678 345 48 326 543 637 507 964 495 789 63 535 606 923 266 12 470 76 675 460 851 208 804 810 202 646 844 275 112 387 924 807 807 787 477 686 322
121 109 826 398 101 437 189 844 356 420 699 372 238 206 951 915 375 19 978 609 689 433 166 542 514 625 830 28 859 444 67 691 431 411 633 892 280 306 732 68 993 175 530 146 297 832 915 542 862 91
569 189 205 337 866 1 96 44 532 964 636 523 371 775 954 861 120 436 229 85 337 359 505 933 188 388 514 900 88 516 463 656 969 446 547 664 678 494 379 945 662 342 544 930 449 8 361 91 511 161
667 151 509 623 61 793 850 384 210 325 328 224 460 703 230 41 182 609 988 17 282 714 669 491 606 712 813 300 553 97 402 808 551 896 406 847 642 424 811 476 845 746 713 301 713 80 491 230 584 341
495 412 987 942 211 568 128 217 976 672 397 111 698 637 666 976 404 516 848 352 728 74 934 402 651 371 190 464 603 696 185 913 930 188 139 520 622 541 520 166 609 220 578 934 647 190 217 847 69 978
455 548 367 838 450 169 838 321 800 626 244 937 615 972 787 490 846 184 111 939 106 623 566 664 829 45 181 567 226 670 194 294 937 412 390 528 730 824 706 508 1 821 930 758 854 320 478 408 302 524
773 649 960 336 882 750 769 113 889 246 282 221 740 958 903 29 351 99 209 375 676 821 842 382 675 894 455 8 543 954 685 320 548 318 135 917 996 570 772 677 11 77 613 954 297 177 83 274 787 707
97 470 515 962 887 826 467 293 744 730 865 501 612 218 349 971 28 842 983 303 414 761 488 919 790 226 101 163 802 251 676 988 701 577 247 198 813 656 268 727 419 281 876 99 571 278 583 534 870 267
786 754 495 104 201 522 28 930 53 775 950 738 882 503 257 382 813 298 84 804 620 40 699 304 549 592 62 670 156 435 585 54 342 526 248 753 653 227 189 242 715 947 416 239 782 468 993 358 163 334
388 983 835 395 462 118 404 592 879 232 190 954 742 353 907 112 852 61 391 440 451 914 778 963 243 271 276 718 319 206 922 42 36 593 411 824 745 136 306 435 561 853 38 782 190 855 821 66 342 471
396 56 10 61 584 55 770 796 424 766 45 490 568 520 7 340 680 10 359 481 972 151 703 319 709 838 795 519 468 366 199 586 581 166 69 147 643 805 618 429 340 517 234 78 692 627 230 179 827 993
164 895 483 758 915 55 524 605 818 813 348 546 43 56 632 692 299 415 842 39 941 171 899 515 490 365 537 8 343 911 700 179 592 929 53 314 475 935 974 331 412 617 772 899 92 204 279 296 253 340
161 183 374 661 243 155 692 972 287 480 95 964 209 670 968 319 200 373 717 997 548 38 778 709 254 169 369 268 525 829 648 199 760 12 554 990 432 118 727 910 727 563 162 223 816 25 142 742 340 912
150 92 586 223 784 437 841 279 912 420 177 976 575 643 991 202 413 54 490 859 421 249 89 29 265 386 758 118 444 679 785 288 771 959 950 410 521 585 789 922 247 917 627 537 110 230 556 882 508 562
825 335 295 306 764 397 191 212 732 971 852 674 724 757 195 918 279 220 949 54 168 488 421 14 106 468 234 998 709 497 785 842 161 835 650 715 323 858 496 603 310 239 120 1000 689 971 665 515 490 112
349 196 10 432 760 990 579 601 386 989 315 779 236 197 566 406 203 590 772 55 950 259 316 819 19 672 262 809 623 486 145 936 23 315 234 90 856 458 301 919 487 887 617 25 337 618 582 974 443 224
494 949 28 710 529 747 739 979 127 300 940 625 305 87 997 960 627 808 71 664 409 391 520 257 194 710 324 213 396 836 867 550 589 186 652 2 666 600 200 793 989 753 310 767 323 554 813 357 38 565
892 881 162 29 189 310 212 821 926 607 483 157 416 739 634 766 641 290 857 670 45 486 609 642 31 663 211 950 927 296 959 251 23 450 191 194 580 905 712 600 299 269 816 140 758 820 481 472 415 218
730 726 322 260 893 2 605 502 108 30 659 270 95 114 484 173 691 817 380 201 831 655 74 724 70 676 949 232 197 946 664 1000 823 656 320 911 955 383 685 881 10 859 356 801 855 959 242 547 809 100
163 660 189 195 946 786 628 366 238 443 172 3 925 859 31 371 36 962 90 917 788 582 600 659 54 175 947 161 355 819 312 193 822 850 653 742 36 894 925 824 353 548 485 608 825 590 419 977 909 230
261 917 612 312 36 822 595 954 34 975 982 824 683 986 276 116 967 260 805 821 574 548 241 858 990 227 363 345 294 526 765 578 938 267 99 858 224 331 881 312 537 308 898 77 602 210 807 385 76 358
63 437 776 739 317 267 545 386 735 217 776 282 465 891 125 278 153 979 506 517 811 119 162 286 817 523 765 92 9 485 689 485 344 614 876 258 922 109 965 819 101 12 437 569 709 499 279 387 760 260
28 17 774 414 522 684 207 266 963 634 127 941 936 422 755 956 272 782 507 626 471 439 688 49 165 286 687 927 467 625 636 736 590 658 185 321 505 88 696 487 722 650 600 731 380 802 144 133 155 788
476 266 268 783 565 29 230 833 904 85 461 697 968 801 753 716 141 434 849 879 71 635 8 417 28 577 951 568 313 35 616 245 892 551 359 876 731 933 885 81 852 335 988 69 414 802 483 51 389 173
839 56 494 87 772 940 723 222 529 466 179 524 482 911 645 196 652 335 621 667 374 478 171 77 346 564 956 403 234 189 285 141 160 348 335 135 567 159 188 92 436 238 596 354 188 746 978 149 127 608
489 756 628 894 71 658 958 608 198 347 801 959 525 961 421 990 371 900 993 280 558 950 143 950 240 769 548 595 449 53 435 642 586 196 445 184 17 728 105 582 319 679 715 898 592 114 144 781 442 155
709 70 543 293 541 450 794 637 568 208 859 68 445 875 525 209 958 943 319 664 537 834 25 255 417 135 201 809 243 908 560 889 994 470 4 882 727 164 193 360 570 849 867 810 722 634 499 953 164 25
729 576 706 24 672 155 956 356 185 39 26 672 737 605 69 552 10 994 536 632 91 983 733 952 169 529 615 236 726 289 634 653 984 862 701 362 721 725 900 908 711 115 681 981 970 647 872 851 19 500
721 873 732 977 754 996 383 226 955 905 423 930 497 293 672 110 918 170 366 63 617 902 78 658 469 891 857 570 394 280 387 193 579 616 844 234 569 38 34 855 971 535 166 445 489 961 564 206 901 624
892 644 991 65 41 246 679 65 361 77 281 646 176 852 571 136 873 481 277 846 313 151 796 184 994 421 678 674 473 129 541 21 778 135 570 652 532 533 865 211 713 231 212 515 739 618 618 333 453 116
655 125 819 231 47 423 725 522 143 559 217 464 495 810 893 677 210 440 580 713 871 472 840 544 361 298 714 449 690 771 214 232 689 599 957 30 264 400 900 649 538 656 196 847 105 136 158 685 428 603
596 724 795 495 603 56 87 275 232 722 931 620 645 557 119 923 766 409 466 486 533 307 780 464 168 411 235 812 843 297 895 155 347 871 661 837 140 974 196 630 740 696 991 90 621 810 796 644 84 206
290 531 25 643 679 241 595 158 592 278 298 332 620 919 651 768 292 904 186 701 258 195 966 923 878 471 885 239 348 757 387 582 278 649 798 295 911 275 767 267 389 686 891 33 378 305 800 356 897 551
93 688 371 516 780 313 852 0 571 574 180 846 904 710 331 411 316 33 463 207 470 967 869 428 215 881 416 586 119 371 201 231 794 480 30 774 444 423 847 482 806 349 238 437 66 142 872 564 247 44
464 132 203 833 31 730 45 915 682 975 347 446 245 660 70 576 229 137 482 513 219 523 706 367 353 178 176 6 911 433 855 432 775 436 842 139 479 861 682 853 739 657 352 645 813 706 201 921 527 886
29 793 461 506 346 10 360 282 813 809 582 55 892 339 519 466 651 754 857 953 880 847 589 207 58 535 29 34 816 962 217 395 457 423 434 736 504 100 384 854 650 294 238 357 525 451 19 497 86 374
193 227 287 215 410 932 359 551 507 714 459 237 310 982 322 356 267 584 590 508 890 967 69 624 804 43 710 718 284 47 287 50 573 472 459 770 636 681 858 714 89 627 317 930 723 932 640 88 496 448
925 984 953 550 46 617 465 838 182 464 388 219 403 484 384 748 858 676 622 253 519 802 837 303 416 400 792 929 145 506 80 648 772 735 997 876 697 204 733 19 476 489 826 232 603 420 935 56 232 368
456 298 299 140 838 346 369 578 786 146 380 894 822 585 318 195 62 842 563 310 295 589 68 847 591 888 271 473 262 826 759 174 840 708 191 955 243 346 369 509 699 513 372 357 68 752 751 351 50 752
928 688 175 223 714 354 552 851 454 612 813 192 785 808 900 412 937 5 927 732 911 779 584 414 678 141 540 401 510 716 403 198 533 453 750 828 441 246 84 773 834 928 580 457 326 495 676 682 793 270
763 376 462 822 440 118 170 710 937 643 231 283 840 859 148 30 790 131 302 951 337 796 948 303 147 145 761 464 341 624 533 624 520 21 72 690 464 417 127 621 509 585 316 318 989 710 628 385 642 242
24 186 640 842 223 192 27 850 44 995 174 299 232 272 157 165 207 605 55 479 321 721 860 734 245 779 740 721 956 861 448 635 132 100 978 641 567 718 590 18 769 126 375 531 579 241 658 783 207 728
390 868 742 869 874 335 261 893 310 101 23 60 844 981 661 392 249 949 792 296 937 846 193 310 67 971 986 694 970 671 824 616 226 630 629 181 352 241 107 466 904 224 924 60 478 652 130 457 718 545
516 652 402 737 528 625 149 77 100 650 867 406 564 407 424 323 420 636 817 888 410 630 646 975 539 845 218 664 929 176 454 689 2 537 796 930 149 361 427 948 5 100 478 631 417 682 329 466 100 175
606 693 908 571 536 605 566 248 517 209 907 225 709 19 5 147 924 108 352 202 600 900 271 146 656 709 271 873 13 87 276 821 248 572 6 110 579 199 102 79 563 613 373 839 91 611 649 721 659 733
482 233 109 470 402 33 642 575 409 579 931 250 172 510 698 753 529 54 685 731 714 566 587 657 538 504 203 818 206 353 728 727 678 910 436 870 462 260 410 617 740 430 532 662 588 725 538 445 944 384
821 506 266 445 518 489 560 926 401 89 726 938 403 21 256 432 380 428 661 826 288 557 466 641 181 16 842 17 95 202 836 268 791 262 722 813 754 56 336 227 560 362 764 529 866 869 228 733 334 814
673 290 9 995 71 900 515 403 290 550 19 670 86 97 277 495 418 207 306 291 278 415 794 112 937 365 725 624 829 654 598 705 959 344 647 877 705 559 820 1 754 92 906 422 537 558 846 294 778 960
592 410 329 724 357 279 19 653 151 524 685 868 346 264 224 292 113 315 889 67 828 99 204 969 587 287 209 708 547 788 861 868 189 678 508 369 85 507 462 613 697 948 837 592 856 899 856 233 37 356
232 528 150 535 423 690 963 355 436 565 226 254 902 246 540 284 954 666 184 214 237 337 354 633 503 961 776 975 93 217 893 943 276 450 124 806 397 740 895 202 110 940 862 646 355 327 393 977 273 738
542 540 809 552 247 249 463 414 90 870 448 990 754 184 760 22 509 7 497 841 124 817 669 608 383 144 101 37 101 723 185 771 770 934 130 938 169 612 407 119 14 987 730 128 54 378 265 855 657 856
172 807 376 616 17 682 744 338 758 95 5 49 144 692 587 77 134 251 895 21 801 2 202 756 277 111 531 778 268 469 737 250 265 673 723 318 97 202 437 835 47 292 216 888 505 393 174 141 428 71
323 599 207 678 517 138 252 506 415 600 138 221 338 216 108 523 250 808 442 574 816 182 705 902 891 234 757 779 380 548 938 997 72 58 821 802 925 914 115 209 682 674 598 883 517 719 307 534 699 84
600 739 364 912 524 486 671 582 223 184 516 77 353 819 961 78 962 965 294 812 662 137 956 16 91 433 346 895 609 763 696 954 650 658 716 236 398 854 241 266 449 857 624 80 248 332 714 611 21 434
729 958 33 120 319 119 136 89 240 1 617 614 419 577 430 198 812 532 170 973 103 682 588 332 500 25 613 721 399 485 927 987 375 887 207 468 389 369 407 400 989 231 667 355 318 97 495 428 579 602
375 569 676 505 713 958 628 566 588 796 31 467 194 123 752 918 593 976 680 388 605 90 226 323 571 412 746 76 477 675 502 409 457 947 239 871 117 663 416 821 146 434 659 513 489 440 319 960 93 800
268 14 706 752 803 142 994 483 176 519 649 862 872 619 480 361 33 739 415 870 600 615 332 392 305 334 244 390 24 260 826 661 376 468 209 907 308 20 897 111 768 725 601 695 930 260 777 162 700 14
577 830 840 860 812 797 946 415 748 211 735 225 905 855 686 662 359 659 575 544 775 181 219 491 122 562 284 187 606 249 47 279 362 802 948 292 755 539 324 782 432 770 989 72 140 661 361 386 170 12
626 412 302 857 961 992 585 557 176 791 652 693 459 781 571 472 466 994 747 372 177 972 358 440 506 447 405 345 386 647 534 177 759 904 126 644 54 500 898 695 612 8 982 397 290 852 559 917 807 324
717 650 605 533 661 516 840 144 284 245 59 921 104 95 361 453 722 728 683 1 610 432 332 251 449 831 360 616 468 464 529 368 668 648 100 137 480 117 617 393 852 990 221 828 978 450 997 433 544 603
261 150 241 106 300 424 891 420 569 386 153 634 805 309 67 365 912 371 240 483 878 458 75 814 582 845 813 758 109 728 945 848 693 482 210 92 498 313 31 485 79 432 985 584 207 986 777 508 85 381
977 717 609 799 676 624 663 568 977 117 885 267 34 648 109 510 836 432 584 826 48 705 698 997 520 632 415 864 481 6 523 844 430 675 324 218 858 927 643 783 110 834 664 255 171 826 599 998 66 971
543 375 880 603 84 334 11 924 703 193 398 536 811 362 608 911 624 452 701 341 690 873 508 518 178 561 766 788 563 475 260 178 358 493 636 22 384 522 827 893 734 67 897 634 300 215 32 366 711 632
192 878 82 830 724 883 416 584 336 442 541 667 849 494 562 29 36 198 289 255 165 413 741 590 337 592 683 661 516 27 425 579 633 816 371 99 295 980 434 12 954 765 121 488 445 261 550 708 286 487
424 203 505 391 829 57 935 204 889 613 270 678 424 829 299 641 181 961 14 627 106 990 941 248 389 221 157 770 289 206 779 552 151 220 488 591 295 699 218 805 461 286 777 703 995 712 448 216 884 904
172 839 750 817 710 717 339 422 794 988 756 851 836 19 268 553 511 671 653 99 188 534 256 301 128 804 716 267 211 304 879 55 678 27 474 320 104 817 610 12 719 525 692 539 141 39 906 181 470 540
39 886 407 277 480 625 186 991 660 906 636 477 595 455 296 830 392 456 357 444 751 888 135 968 510 386 476 160 329 974 926 573 828 512 374 793 151 56 125 396 677 685 959 68 305 821 437 962 625 802
702 312 921 665 901 451 331 554 726 332 282 786 990 224 732 586 922 89 47 821 29 945 630 808 961 408 798 172 312 794 605 383 369 151 784 906 716 364 929 735 115 293 356 267 281 503 245 166 345 336
339 778 951 314 776 21 391 986 878 574 109 271 777 362 982 158 693 370 363 231 979 109 45 326 471 130 699 493 41 494 984 608 838 96 23 630 920 754 446 891 735 848 467 413 20 988 390 240 321 219
946 930 63 62 319 145 302 937 806 709 778 894 700 937 703 540 595 75 91 283 952 937 903 869 60 785 17 362 797 859 119 182 548 502 815 121 44 142 786 683 551 65 475 639 130 223 52 183 989 863
294 822 687 94 464 104 233 692 658 608 635 527 9 666 639 438 322 11 63 872 260 987 664 274 714 268 857 215 33 396 623 201 49 28 482 540 111 587 177 72 252 24 679 650 602 658 399 130 815 385
264 410 427 780 606 383 570 974 622 370 570 976 128 352 302 682 447 803 173 264 330 260 748 791 133 197 418 907 130 290 220 226 782 252 122 474 305 754 112 449 113 849 720 164 534 424 920 584 365 153
959 425 113 692 766 568 265 753 85 662 255 83 879 737 239 490 218 84 632 911 837 375 883 881 100 655 429 628 817 728 145 755 508 804 585 309 749 697 69 130 359 693 857 954 31 562 788 115 25 142
397 651 816 215 744 730 910 483 761 987 845 83 182 80 604 183 278 740 740 967 754 716 324 581 293 689 717 69 616 35 766 632 864 149 86 440 487 574 128 907 757 233 835 680 598 668 755 355 953 987
396 422 193 288 503 753 995 357 562 690 979 32 170 602 638 578 137 831 288 34 857 487 309 238 226 214 93 636 607 428 987 498 688 621 85 478 362 5 768 10 751 657 61 512 864 286 541 639 281 855
366 885 258 185 437 538 38 953 222 344 258 192 532 12 758 24 810 686 608 320 233 349 999 870 27 856 262 732 841 133 729 455 794 626 639 884 358 909 967 461 99 225 454 547 646 623 547 348 913 522
126 319 780 938 30 63 605 438 218 733 721 858 45 431 798 294 642 315 991 744 605 9 765 765 41 424 302 951 572 247 746 179 576 665 440 118 332 787 335 372 308 818 222 330 357 212 400 316 304 538
203 542 617 233 578 456 695 735 515 206 338 429 36 686 567 572 832 474 635 700 17 769 630 758 242 133 513 535 535 600 904 361 356 634 678 872 169 632 569 181 69 660 363 126 162 394 28 106 817 801
325 442 287 859 184 180 772 827 291 938 421 67 765 383 986 888 159 140 502 285 818 503 321 601 786 626 235 23 452 505 785 943 131 605 334 282 828 635 598 144 166 12 996 107 259 451 420 471 690 741
922 63 509 368 531 63 224 1000 689 112 417 243 506 640 845 516 588 979 453 656 382 346 967 735 610 744 195 789 562 702 345 844 320 34 440 277 9 413 954 132 968 592 42 612 57 968 310 47 840 286
600 817 677 55 143 349 195 623 513 868 681 297 957 775 983 209 199 116 476 71 678 557 991 533 958 399 59 594 792 87 429 950 286 662 276 37 138 33 899 629 993 921 530 103 699 315 190 957 411 721
213 229 797 28 275 192 60 113 666 181 282 712 486 77 790 390 647 349 90 527 582 362 587 708 229 925 912 703 699 198 68 339 879 539 652 826 358 50 854 260 717 37 336 445 558 493 694 697 836 730
923 822 441 884 143 514 553 474 140 989 362 643 847 619 362 327 948 183 407 681 317 750 452 855 18 680 50 958 689 529 441 807 211 268 990 498 810 122 43 422 69 96 275 839 752 321 395 23 343 186
226 788 455 192 86 614 742 466 412 106 160 300 663 445 933 480 516 934 755 852 984 936 194 704 46 180 653 810 722 956 859 225 117 759 16 739 942 585 660 558 135 882 25 894 928 527 500 455 949 965
903 278 493 917 152 937 849 660 308 438 880 427 283 346 968 49 780 333 742 695 982 811 453 930 848 401 271 21 847 47 388 171 576 480 279 136 290 509 438 880 524 754 296 937 405 722 19 439 129 28
278 937 931 837 536 440 846 175 106 539 935 432 942 386 508 169 517 927 149 744 966 252 676 360 968 852 156 91 267 68 507 595 305 758 631 373 485 718 730 96 859 936 425 36 376 450 614 303 271 939
680 295 555 533 549 114 863 745 743 218 156 896 422 273 967 819 426 12 82 55 481 342 921 132 448 709 832 35 230 265 276 822 321 781 894 39 762 532 589 740 617 10 78 339 830 426 895 812 929 758
368 300 941 864 552 530 755 593 335 380 12 898 559 839 215 353 273 97 622 262 971 157 90 851 929 927 293 699 262 208 546 762 970 81 409 142 637 590 49 851 865 519 970 491 900 708 905 92 709 901
390 515 588 944 105 843 212 995 103 121 530 69 145 861 558 547 181 448 336 582 160 300 325 561 556 770 691 908 973 142 324 602 330 493 862 174 262 157 873 587 695 344 843 555 994 263 665 987 42 959
394 955 802 842 815 189 40 63 168 106 787 50 98 406 253 279 746 988 820 111 909 886 291 498 817 445 616 519 425 541 862 8 198 993 438 53 957 964 937 284 776 744 774 75 547 310 431 267 607 691
35 404 683 138 899 120 162 136 650 396 768 236 349 156 87 588 634 203 695 705 476 900 576 687 974 392 213 476 800 680 657 626 535 796 682 915 850 843 998 367 652 786 29 605 297 899 194 372 363 98
547 527 12 32 80 423 979 278 320 62 226 522 656 446 852 930 530 149 808 984 883 572 830 717 264 867 963 639 522 83 513 81 642 395 521 555 226 211 164 784 633 601 823 100 852 503 950 192 592 884
306 979 395 702 472 823 550 387 605 334 149 567 929 165 498 17 189 570 927 326 0 16 65 825 797 240 245 933 603 829 162 796 212 53 915 360 245 863 407 734 358 611 170 508 662 494 358 175 629 423
480 703 459 979 300 765 122 987 958 674 701 386 535 435 76 612 148 171 68 182 282 517 25 840 978 899 459 611 83 603 248 118 316 49 832 929 338 278 187 927 839 43 434 614 280 86 301 291 572 389
778 301 980 758 302 268 886 69 837 376 717 638 249 81 244 902 80 455 641 786 837 194 988 648 87 109 68 622 652 24 360 360 101 532 488 683 911 495 697 508 976 367 663 94 397 461 323 755 732 22
383 630 481 58 717 657 667 1000 921 801 276 848 866 343 433 720 774 278 135 522 876 4 419 257 532 43 571 535 333 861 962 354 506 844 938 508 166 748 682 442 428 201 536 720 544 669 119 978 98 470
73 31 29 549 459 619 878 235 70 557 533 867 598 315 98 281 718 390 359 835 29 433 770 244 547 363 969 667 764 566 572 183 164 887 174 292 190 917 948 581 524 667 388 586 59 452 680 995 184 302
214 965 174 862 756 588 714 695 325 444 845 679 220 195 913 143 745 75 773 610 690 803 214 953 147 389 453 611 45 24 222 710 650 579 294 886 751 901 198 634 712 312 693 179 982 237 563 157 876 344
289 817 974 374 721 91 947 343 150 863 941 152 493 553 10 392 674 929 826 168 921 646 343 734 612 731 620 494 562 760 819 106 942 930 31 207 455 186 434 617 780 207 516 526 757 527 393 495 312 184
292 100 670 92 864 51 223 873 836 626 23 145 355 999 414 333 664 235 527 327 433 142 926 622 205 177 8 594 990 998 272 105 732 461 590 953 843 131 699 394 131 432 847 916 348 747 597 826 828 681
859 758 214 251 236 25 689 585 983 386 153 178 168 445 968 909 780 939 35 178 360 25 991 201 704 104 602 478 619 364 726 192 529 778 418 5 438 673 940 401 715 680 957 543 725 26 820 431 649 624
485 36 594 764 293 403 473 932 558 829 795 286 443 522 806 657 551 316 825 73 871 613 819 615 118 531 389 618 4 281 729 915 994 891 469 503 924 725 969 968 283 612 574 436 806 424 966 382 833 605
999 601 184 700 127 820 99 755 499 678 7 464 712 68 320 710 780 898 575 104 104 288 824 7 60 535 247 98 266 601 318 471 965 920 518 276 844 571 125 351 155 317 620 669 966 167 302 294 300 178
830 864 379 607 647 781 688 863 168 693 923 921 624 809 907 5 574 563 867 716 438 235 680 313 333 759 498 407 60 553 699 574 13 460 432 334 153 539 391 241 235 697 882 264 302 650 373 750 506 57
832 109 748 432 760 292 400 708 593 38 740 305 748 69 543 11 197 779 390 800 661 109 885 80 363 117 819 254 524 396 1 204 987 546 978 880 461 701 813 840 156 947 970 3 492 189 768 143 568 704
546 947 987 808 976 829 823 829 293 388 266 626 569 874 67 499 352 8 617 986 58 68 744 358 263 97 551 388 844 42 549 634 561 891 212 378 232 809 838 793 948 822 739 864 981 789 586 191 813 963
54 624 167 489 702 494 758 621 444 552 196 762 529 936 844 718 233 545 534 959 848 52 836 72 478 930 9 442 824 129 836 250 703 484 869 912 454 824 127 20 510 474 138 548 11 535 116 890 85 739
493 964 16 758 916 593 456 815 912 967 786 200 850 290 194 83 699 994 467 612 669 139 992 323 804 130 674 813 684 36 765 23 551 677 327 839 328 846 336 175 358 186 952 791 174 28 495 609 589 352
579 699 828 129 131 465 309 81 881 782 324 877 41 922 527 59 982 992 370 739 793 211 719 52 910 385 6 491 397 450 409 218 538 942 361 966 425 263 494 682 561 662 349 987 990 142 533 610 550 6
668 493 552 981 587 38 220 468 795 41 702 906 357 467 28 233 563 528 270 116 349 458 401 350 221 947 774 668 15 276 269 720 163 562 703 182 293 733 153 130 891 496 755 862 442 177 180 847 643 270
744 226 643 349 459 250 43 705 776 292 616 459 773 53 389 111 609 262 463 960 695 309 293 456 540 101 867 842 158 47 306 612 519 601 293 886 828 228 80 123 359 468 112 381 927 628 362 99 744 563
942 526 527 107 61 606 566 140 376 345 167 832 91 709 293 531 559 341 651 978 219 822 361 703 606 705 989 25 938 922 598 637 377 495 762 772 661 62 895 516 741 345 329 906 438 751 689 256 525 598
26 189 395 186 889 588 859 451 769 606 460 879 470 140 962 423 705 498 424 258 165 174 604 88 520 248 287 9 718 264 401 136 801 480 806 39 951 943 894 313 166 27 235 876 203 807 587 962 699 436
727 745 157 377 808 161 25 526 86 370 696 537 848 180 27 55 190 724 1000 296 953 430 516 738 629 13 688 105 377 335 818 284 826 573 89 629 834 787 771 982 193 845 363 56 545 246 173 513 376 753
92 427 978 735 660 238 397 639 305 792 562 385 727 244 897 43 760 892 833 428 661 705 432 590 477 819 15 308 141 857 268 66 175 200 370 989 579 925 587 142 120 473 5 306 936 938 688 283 745 937
368 786 687 813 631 235 308 140 968 208 793 819 352 133 591 71 718 601 565 904 669 625 763 920 994 202 197 677 801 219 122 530 539 438 194 103 366 617 351 752 306 442 173 171 921 550 736 438 715 812
827 653 760 320 617 147 305 790 67 697 379 637 464 112 468 169 76 446 343 833 475 555 464 895 686 590 692 361 122 164 320 40 522 867 627 11 352 330 559 236 334 577 128 516 121 493 722 580 1 566
294 918 228 150 284 442 359 784 7 852 597 903 457 66 349 71 231 962 680 570 136 210 190 23 740 599 599 315 552 993 192 886 313 332 160 354 378 205 239 590 277 516 875 875 842 525 307 50 857 289
477 472 893 114 839 512 539 889 932 332 384 883 353 578 392 703 822 922 556 194 136 365 404 956 108 593 266 278 424 904 12 265 752 526 657 537 385 63 301 442 948 969 46 946 839 505 503 295 633 580
237 232 547 569 741 929 943 42 641 645 217 860 985 780 438 960 93 411 523 508 784 578 251 334 227 6 497 928 893 119 828 254 170 805 719 704 38 810 346 610 770 859 480 354 991 785 971 164 64 898
686 959 376 365 639 916 666 831 710 341 640 893 204 182 671 126 807 641 460 379 796 148 918 992 993 854 208 279 817 542 355 105 528 347 596 935 425 87 318 482 684 320 400 745 467 326 932 342 198 480
919 945 112 505 24 819 604 999 882 467 822 56 642 124 863 299 569 213 554 897 230 793 764 772 328 163 437 49 273 313 70 327 47 710 164 428 960 44 894 72 658 343 540 728 660 200 970 378 57 335
491 592 692 149 629 378 255 31 131 669 573 530 393 647 212 235 354 269 137 453 904 702 230 615 895 528 684 858 445 622 149 649 191 566 273 80 679 99 602 350 813 68 99 203 596 571 662 422 767 639
529 823 931 751 466 213 27 953 677 833 223 431 907 294 536 948 171 14 405 655 509 647 717 759 961 697 780 901 957 737 102 553 539 745 193 168 283 708 239 396 518 116 60 426 752 645 463 47 663 234
41 66 558 111 34 695 496 574 921 193 238 841 952 907 781 687 572 266 731 719 404 205 153 358 992 770 56 236 783 243 424 702 770 666 697 715 99 535 539 194 613 23 862 901 716 765 242 36 451 491
824 690 833 545 824 973 281 265 974 135 669 465 639 775 59 489 748 676 822 27 786 679 733 442 689 9 656 817 765 846 878 239 448 888 953 583 327 792 612 972 994 754 66 643 249 161 744 58 949 43
972 927 52 786 197 560 490 491 993 51 521 428 368 150 168 234 286 801 293 305 543 683 863 171 588 682 975 374 84 945 619 464 567 579 633 387 348 132 864 647 183 935 153 520 202 940 627 528 997 511
580 249 755 185 60 412 592 893 832 245 267 435 916 84 65 513 568 61 19 974 24 636 90 968 818 400 810 126 44 525 97 506 225 772 995 133 449 934 177 306 278 401 594 296 618 613 889 211 748 220
518 17 599 344 980 772 322 125 415 842 753 41 51 867 411 216 896 811 581 701 797 812 366 715 727 479 431 785 216 179 443 513 871 479 696 340 424 763 52 4 763 217 16 984 48 486 189 184 682 193
436 264 255 276 39 145 68 415 199 836 441 816 708 144 270 210 567 719 68 278 874 384 374 15 587 315 793 957 214 577 988 132 139 524 811 351 526 563 158 697 130 387 976 887 671 567 441 934 5 550
520 488 737 810 836 85 190 10 349 165 914 730 959 204 361 185 520 326 538 232 131 7 730 663 74 119 377 720 433 186 853 69 728 515 633 629 438 371 227 784 899 732 438 339 794 798 885 337 917 853
419 651 113 691 433 316 931 668 219 676 666 166 525 477 425 959 322 370 119 419 107 397 779 284 84 105 418 320 559 112 853 123 782 57 650 213 880 382 192 326 793 437 286 403 646 665 919 594 127 332
685 233 132 320 491 510 238 821 675 486 1 883 883 901 595 241 935 260 658 936 893 165 575 808 634 474 767 758 156 466 358 394 342 661 239 999 993 949 828 391 138 313 312 542 214 605 466 378 484 606
635 655 831 539 81 153 811 635 75 680 987 912 800 725 166 728 653 998 503 591 466 835 315 55 544 257 964 283 957 324 105 214 40 965 441 596 361 116 510 343 151 732 341 806 622 252 606 34 141 734
85 664 464 981 852 72 555 957 390 218 48 179 679 444 920 192 916 758 483 373 299 597 965 445 492 627 420 141 463 145 983 966 840 738 492 156 917 508 158 30 404 665 443 552 851 657 694 50 570 304
968 337 510 541 522 552 195 610 86 719 302 706 525 554 591 93 213 633 506 540 449 625 976 800 271 34 77 12 174 142 85 732 206 452 375 827 174 783 217 399 646 34 505 38 771 814 695 552 422 475
639 614 698 777 653 280 897 282 354 303 362 271 598 982 174 964 768 425 262 39 501 585 300 73 627 584 236 904 646 68 232 104 943 528 81 333 27 506 913 52 52 532 795 219 103 43 737 873 341 504
520 339 14 702 864 544 767 223 401 137 736 211 696 879 245 251 335 910 181 528 875 999 190 309 497 460 558 993 972 905 819 703 278 694 29 132 419 514 364 488 551 606 971 459 529 265 369 610 94 922
645 812 60 254 406 199 746 655 446 934 524 391 705 132 285 205 40 806 325 727 259 729 191 716 656 457 142 861 232 202 828 114 490 984 426 9 250 466 297 916 365 504 352 647 333 463 848 792 75 295
207 485 899 321 924 652 41 230 526 257 126 62 310 249 436 752 654 536 501 571 411 130 625 392 267 53 409 579 824 178 421 46 28 498 731 890 489 347 22 679 152 466 875 347 699 248 583 533 172 979
663 876 215 876 164 65 3 449 430 421 670 508 603 473 657 528 299 7 961 616 791 26 251 758 332 496 425 441 571 501 290 182 156 535 498 88 749 255 768 27 682 175 713 271 5 697 570 164 122 380
951 175 906 165 199 46 843 860 660 235 160 94 326 678 765 318 845 193 22 398 764 19 48 650 941 377 135 602 489 590 68 677 685 803 277 152 278 78 281 758 935 555 335 580 353 785 454 363 885 783
850 596 470 799 77 629 410 888 753 550 833 886 859 361 301 111 455 791 56 54 215 21 992 241 642 823 738 873 744 388 512 132 688 875 887 238 723 123 412 792 701 54 933 481 726 476 250 587 932 222
788 920 375 416 22 460 799 408 808 524 31 715 411 368 765 674 398 155 729 477 253 967 72 217 219 807 443 622 774 440 885 526 647 197 929 788 277 427 910 116 201 742 238 774 195 650 303 162 430 433
528 173 922 488 325 457 308 731 753 249 137 886 712 974 969 535 684 492 949 261 324 925 279 6 768 54 824 687 511 844 282 155 745 685 392 302 635 713 149 969 147 672 571 70 388 442 189 955 929 753
587 68 805 22 759 468 967 41 770 134 344 724 986 5 927 852 837 925 961 619 430 373 198 260 988 190 179 742 515 234 38 791 80 116 340 123 606 630 636 570 733 242 194 41 39 9 890 794 501 467
835 962 547 81 463 536 264 160 439 512 219 809 311 987 998 404 898 507 947 576 737 122 961 484 319 596 110 10 8 385 636 850 340 721 384 463 705 975 448 409 132 286 136 858 830 701 871 127 535 741
950 595 839 13 547 260 278 165 345 211 325 215 924 119 574 877 519 673 684 690 784 168 403 215 176 680 456 760 667 901 955 391 170 921 47 409 641 565 756 764 283 977 868 316 910 210 12 353 73 958
736 374 186 846 953 115 127 818 47 556 109 330 867 414 975 146 48 27 986 546 722 550 864 326 361 21 547 67 659 680 54 617 262 249 714 233 617 343 257 188 47 590 793 270 218 581 886 380 682 22
168 486 234 264 9 547 734 45 776 176 72 674 697 845 190 239 51 387 404 345 266 279 537 61 119 128 982 124 680 264 364 284 876 791 968 156 40 538 511 975 149 993 656 793 711 928 92 73 352 873
854 752 63 390 523 756 324 244 93 795 764 445 873 864 355 90 76 868 309 332 876 638 491 167 941 480 362 2 664 122 917 352 338 201 443 405 70 545 534 951 807 349 561 166 95 168 671 253 938 862
68 851 235 298 478 529 565 597 591 747 542 235 14 849 495 4 697 85 784 19 73 481 565 379 345 326 310 404 541 71 781 999 312 105 353 2 971 298 211 43 492 537 466 654 959 588 614 491 449 289
223 172 279 596 309 791 971 279 266 911 524 383 15 712 514 85 514 557 297 405 644 907 511 883 588 198 238 329 350 792 581 414 386 705 656 936 153 916 282 52 702 219 472 902 433 738 238 386 668 595
964 833 977 430 712 528 449 532 67 643 40 11 814 584 137 897 31 59 344 828 75 965 400 892 732 697 250 626 150 412 855 578 343 310 355 549 943 716 875 763 485 89 440 640 383 68 31 442 52 26
713 877 16 162 375 365 774 823 20 592 346 879 844 410 678 274 251 314 504 810 745 467 285 498 247 598 233 308 540 454 965 42 296 635 833 949 455 633 631 307 915 407 189 16 548 838 672 22 538 205
649 782 449 75 330 275 790 438 961 119 455 183 646 859 115 7 88 371 731 800 255 494 942 331 606 261 238 260 82 476 682 81 779 698 924 349 658 141 547 411 953 742 898 537 392 16 445 539 50 123
29 929 182 579 186 697 942 475 868 57 136 210 498 489 282 39 56 901 309 525 876 229 676 900 300 857 65 450 653 29 971 980 501 18 651 817 715 289 290 992 210 486 208 716 355 777 579 461 803 469
148 298 601 193 833 604 412 395 137 720 538 456 274 967 952 167 721 862 816 212 328 604 195 595 696 686 528 18 602 723 79 126 546 400 994 929 863 240 230 172 206 562 884 0 606 371 892 951 562 573
626 71 553 735 11 634 485 914 779 872 114 395 589 558 137 282 602 151 93 583 162 169 684 692 687 536 813 276 846 848 315 938 36 394 290 403 404 659 56 785 238 652 783 272 832 744 150 728 588 4
